$RE_RF
[1] 3.572312

$RE_CXls
[1] 5.544428

$RF_2_imput
                  [,1]
Q1_bias   -0.049724622
mean_bias -0.003917422
Q3_bias    0.019129552
MSE        0.445452764

$CXls_imput
                 [,1]
Q1_bias   0.006682860
mean_bias 0.002721926
Q3_bias   0.022656782
MSE       0.180744018

$bias_sd_OLS
                   beta.t        bias       Esd       Asd    CP
(Intercept) -9.106536e-18 0.004885242 0.1557616 0.1628285 0.956
X1           1.000000e+00 0.005842483 0.2343041 0.2296279 0.942
X2           1.000000e+00 0.011582814 0.2376715 0.2531134 0.960

$bias_sd_RF
                   beta.t         bias         sd
(Intercept) -9.106536e-18 -0.003901255 0.07812754
X1           1.000000e+00 -0.133143530 0.07902761
X2           1.000000e+00 -0.028856258 0.08404933

$bias_sd_CXls
                   beta.t        bias        Esd     Asd_IF    CP  RE_beta
(Intercept) -9.106536e-18 0.002736025 0.07552077 0.07615422 0.964 1.014236
X1           1.000000e+00 0.003821023 0.09417403 0.09429995 0.950 6.183753
X2           1.000000e+00 0.004739497 0.09941612 0.09762398 0.938 5.715904

$pcd_OLS
[1] 0.94709418 0.03295151

$VF_OLS
[1] 1.29863552 0.01267017

$pcd_RF
[1] 0.96887818 0.01517012

$VF_RF
[1] 1.304884617 0.002984601

$pcd_CXls
[1] 0.97424164 0.01359413

$VF_Cxls
[1] 1.305863926 0.002279555

$VF_0
 mean_V0    sd_V0 
1.307968 2.289660 

$VF_B0
mean_VB0   sd_VB0 
1.307968 2.289660 

$PCD_vals_RF
  [1] 0.9535455 0.9759091 0.9599091 0.9630909 0.9721818 0.9546364 0.9770000
  [8] 0.9865455 0.9751818 0.9626364 0.9468182 0.9618182 0.9685455 0.9663636
 [15] 0.9709091 0.9492727 0.9646364 0.9810909 0.9861818 0.9822727 0.9791818
 [22] 0.9948182 0.9696364 0.9526364 0.9906364 0.9334545 0.9709091 0.9770909
 [29] 0.9729091 0.9450909 0.9660909 0.9711818 0.9688182 0.9631818 0.9718182
 [36] 0.9746364 0.9590000 0.9593636 0.9633636 0.9233636 0.9584545 0.9918182
 [43] 0.9690909 0.9816364 0.9902727 0.9828182 0.9820909 0.9778182 0.9679091
 [50] 0.9661818 0.9488182 0.9436364 0.9769091 0.9824545 0.9891818 0.9770000
 [57] 0.9711818 0.9619091 0.9602727 0.9835455 0.9758182 0.9621818 0.9943636
 [64] 0.9542727 0.9720000 0.9695455 0.9684545 0.9771818 0.9737273 0.9836364
 [71] 0.9635455 0.9555455 0.9646364 0.9484545 0.9671818 0.9860000 0.9588182
 [78] 0.9490909 0.9665455 0.9683636 0.9761818 0.9880909 0.9944545 0.9934545
 [85] 0.9483636 0.9475455 0.9833636 0.9276364 0.9811818 0.9718182 0.9384545
 [92] 0.9406364 0.9842727 0.9842727 0.9888182 0.9414545 0.9906364 0.9794545
 [99] 0.9751818 0.9536364 0.9816364 0.9834545 0.9986364 0.9850909 0.9534545
[106] 0.9624545 0.9586364 0.9513636 0.9632727 0.9440000 0.9927273 0.9934545
[113] 0.9587273 0.9620909 0.9580000 0.9957273 0.9070000 0.9881818 0.9805455
[120] 0.9692727 0.9672727 0.9704545 0.9764545 0.9880000 0.9780909 0.9746364
[127] 0.9770909 0.9809091 0.9596364 0.9539091 0.9561818 0.9707273 0.9703636
[134] 0.9680000 0.9648182 0.9451818 0.9848182 0.9522727 0.9515455 0.9938182
[141] 0.9585455 0.9437273 0.9837273 0.9916364 0.9523636 0.9700909 0.9711818
[148] 0.9725455 0.9799091 0.9684545 0.9548182 0.9747273 0.9577273 0.9645455
[155] 0.9637273 0.9822727 0.9564545 0.9810909 0.9750909 0.9734545 0.9638182
[162] 0.9536364 0.9639091 0.9560000 0.9604545 0.9490000 0.9499091 0.9594545
[169] 0.9762727 0.9562727 0.9754545 0.9885455 0.9597273 0.9740909 0.9832727
[176] 0.9599091 0.9700000 0.9619091 0.9625455 0.9694545 0.9734545 0.9386364
[183] 0.9620000 0.9661818 0.9773636 0.9520000 0.9344545 0.9876364 0.9790000
[190] 0.9902727 0.9797273 0.9490909 0.9613636 0.9533636 0.9366364 0.9581818
[197] 0.9647273 0.9631818 0.9555455 0.9871818 0.9610909 0.9641818 0.9941818
[204] 0.9525455 0.9940909 0.9695455 0.9752727 0.9594545 0.9553636 0.9821818
[211] 0.9599091 0.9644545 0.9694545 0.9737273 0.9660909 0.9647273 0.9899091
[218] 0.9876364 0.9629091 0.9535455 0.9820000 0.9740909 0.9735455 0.9376364
[225] 0.9699091 0.9747273 0.9863636 0.9692727 0.9750909 0.9538182 0.9407273
[232] 0.9607273 0.9810000 0.9372727 0.9715455 0.9659091 0.9712727 0.9898182
[239] 0.9720909 0.9758182 0.9885455 0.9594545 0.9643636 0.9720909 0.9670000
[246] 0.9717273 0.9603636 0.9740000 0.9783636 0.9638182 0.9846364 0.9852727
[253] 0.9724545 0.9744545 0.9589091 0.9706364 0.9698182 0.9600000 0.9795455
[260] 0.9923636 0.9777273 0.9315455 0.9870000 0.9758182 0.9762727 0.9694545
[267] 0.9738182 0.9790000 0.9524545 0.9786364 0.9768182 0.9377273 0.9458182
[274] 0.9827273 0.9730909 0.9581818 0.9520000 0.9810909 0.9686364 0.9980000
[281] 0.9793636 0.9761818 0.9360000 0.9782727 0.9571818 0.9683636 0.9544545
[288] 0.9452727 0.9635455 0.9790000 0.9504545 0.9439091 0.9737273 0.9758182
[295] 0.9710000 0.9495455 0.9894545 0.9832727 0.9877273 0.9085455 0.9807273
[302] 0.9450000 0.9744545 0.9929091 0.9589091 0.9891818 0.9760000 0.9789091
[309] 0.9572727 0.9416364 0.9670000 0.9644545 0.9817273 0.9690909 0.9528182
[316] 0.9681818 0.9560000 0.9718182 0.9755455 0.9839091 0.9773636 0.9790909
[323] 0.9560000 0.9540909 0.9853636 0.9719091 0.9820909 0.9686364 0.9702727
[330] 0.9517273 0.9776364 0.9784545 0.9437273 0.9678182 0.9974545 0.9557273
[337] 0.9580000 0.9668182 0.9681818 0.9746364 0.9940000 0.9750000 0.9580909
[344] 0.9570000 0.9761818 0.9782727 0.9842727 0.9963636 0.9761818 0.9567273
[351] 0.9252727 0.9696364 0.9639091 0.9762727 0.9716364 0.9686364 0.9696364
[358] 0.9517273 0.9540000 0.9598182 0.9876364 0.9558182 0.9660909 0.9724545
[365] 0.9919091 0.9762727 0.9658182 0.9583636 0.9337273 0.9598182 0.9898182
[372] 0.9960000 0.9812727 0.9818182 0.9658182 0.9657273 0.9770000 0.9497273
[379] 0.9693636 0.9692727 0.9577273 0.9525455 0.9650909 0.9586364 0.9710909
[386] 0.9623636 0.9930909 0.9641818 0.9554545 0.9820000 0.9937273 0.9806364
[393] 0.9704545 0.9901818 0.9539091 0.9560909 0.9575455 0.9879091 0.9879091
[400] 0.9864545 0.9525455 0.9750909 0.9511818 0.9834545 0.9532727 0.9704545
[407] 0.9668182 0.9729091 0.9504545 0.9441818 0.9621818 0.9900909 0.9744545
[414] 0.9832727 0.9875455 0.9735455 0.9668182 0.9815455 0.9670000 0.9423636
[421] 0.9698182 0.9523636 0.9791818 0.9632727 0.9587273 0.9833636 0.9600000
[428] 0.9985455 0.9568182 0.9579091 0.9415455 0.9692727 0.9690909 0.9961818
[435] 0.9504545 0.9658182 0.9320909 0.9504545 0.9793636 0.9910000 0.9503636
[442] 0.9780909 0.9860000 0.9711818 0.9364545 0.9693636 0.9745455 0.9633636
[449] 0.9874545 0.9926364 0.9777273 0.9775455 0.9556364 0.9433636 0.9630909
[456] 0.9339091 0.9621818 0.9737273 0.9830909 0.9603636 0.9696364 0.9697273
[463] 0.9814545 0.9618182 0.9888182 0.9709091 0.9791818 0.9695455 0.9730909
[470] 0.9600000 0.9594545 0.9820000 0.9970909 0.9625455 0.9976364 0.9830909
[477] 0.9584545 0.9548182 0.9653636 0.9740909 0.9796364 0.9637273 0.9809091
[484] 0.9655455 0.9683636 0.9763636 0.9910909 0.9549091 0.9910000 0.9749091
[491] 0.9851818 0.9803636 0.9772727 0.9689091 0.9764545 0.9837273 0.9851818
[498] 0.9916364 0.9949091 0.9555455

$PCD_vals_CXLS
  [1] 0.9612727 0.9770909 0.9669091 0.9862727 0.9910909 0.9507273 0.9892727
  [8] 0.9833636 0.9793636 0.9780909 0.9679091 0.9530909 0.9865455 0.9427273
 [15] 0.9559091 0.9661818 0.9793636 0.9687273 0.9661818 0.9900909 0.9731818
 [22] 0.9905455 0.9836364 0.9833636 0.9820909 0.9443636 0.9800909 0.9792727
 [29] 0.9733636 0.9704545 0.9802727 0.9779091 0.9722727 0.9626364 0.9523636
 [36] 0.9880909 0.9633636 0.9710000 0.9856364 0.9486364 0.9749091 0.9935455
 [43] 0.9793636 0.9748182 0.9804545 0.9969091 0.9442727 0.9687273 0.9707273
 [50] 0.9820000 0.9710000 0.9443636 0.9719091 0.9977273 0.9815455 0.9740000
 [57] 0.9889091 0.9775455 0.9747273 0.9880909 0.9890000 0.9858182 0.9961818
 [64] 0.9642727 0.9668182 0.9820000 0.9939091 0.9796364 0.9888182 0.9984545
 [71] 0.9872727 0.9680000 0.9849091 0.9610909 0.9849091 0.9929091 0.9787273
 [78] 0.9675455 0.9788182 0.9614545 0.9479091 0.9971818 0.9862727 0.9711818
 [85] 0.9774545 0.9539091 0.9800909 0.9340000 0.9811818 0.9721818 0.9544545
 [92] 0.9542727 0.9860909 0.9698182 0.9936364 0.9609091 0.9638182 0.9728182
 [99] 0.9848182 0.9590000 0.9801818 0.9724545 0.9897273 0.9920909 0.9813636
[106] 0.9811818 0.9270000 0.9782727 0.9641818 0.9462727 0.9973636 0.9954545
[113] 0.9550909 0.9482727 0.9755455 0.9829091 0.9617273 0.9710909 0.9840000
[120] 0.9817273 0.9897273 0.9763636 0.9847273 0.9914545 0.9753636 0.9665455
[127] 0.9746364 0.9783636 0.9799091 0.9636364 0.9888182 0.9750909 0.9774545
[134] 0.9871818 0.9916364 0.9497273 0.9825455 0.9545455 0.9809091 0.9793636
[141] 0.9572727 0.9728182 0.9690909 0.9836364 0.9651818 0.9760909 0.9747273
[148] 0.9585455 0.9800909 0.9581818 0.9904545 0.9703636 0.9592727 0.9817273
[155] 0.9798182 0.9804545 0.9923636 0.9883636 0.9950000 0.9904545 0.9843636
[162] 0.9688182 0.9802727 0.9716364 0.9734545 0.9600909 0.9799091 0.9593636
[169] 0.9820000 0.9493636 0.9867273 0.9889091 0.9530000 0.9852727 0.9624545
[176] 0.9723636 0.9830909 0.9694545 0.9684545 0.9917273 0.9704545 0.9827273
[183] 0.9720000 0.9920909 0.9921818 0.9774545 0.9790909 0.9792727 0.9720909
[190] 0.9909091 0.9680909 0.9439091 0.9704545 0.9535455 0.9595455 0.9935455
[197] 0.9798182 0.9764545 0.9841818 0.9881818 0.9473636 0.9676364 0.9848182
[204] 0.9610000 0.9820000 0.9803636 0.9742727 0.9600000 0.9898182 0.9955455
[211] 0.9870909 0.9769091 0.9850909 0.9776364 0.9586364 0.9571818 0.9649091
[218] 0.9880000 0.9653636 0.9551818 0.9638182 0.9693636 0.9673636 0.9679091
[225] 0.9735455 0.9856364 0.9747273 0.9709091 0.9793636 0.9737273 0.9436364
[232] 0.9756364 0.9602727 0.9608182 0.9820909 0.9764545 0.9843636 0.9886364
[239] 0.9782727 0.9660000 0.9893636 0.9862727 0.9618182 0.9573636 0.9792727
[246] 0.9704545 0.9849091 0.9879091 0.9865455 0.9731818 0.9671818 0.9624545
[253] 0.9762727 0.9936364 0.9820000 0.9887273 0.9913636 0.9737273 0.9853636
[260] 0.9800909 0.9920909 0.9560909 0.9933636 0.9674545 0.9820909 0.9755455
[267] 0.9793636 0.9869091 0.9400000 0.9850000 0.9702727 0.9600909 0.9600000
[274] 0.9643636 0.9640909 0.9690909 0.9738182 0.9796364 0.9739091 0.9665455
[281] 0.9811818 0.9882727 0.9580000 0.9668182 0.9664545 0.9628182 0.9737273
[288] 0.9581818 0.9891818 0.9840000 0.9706364 0.9774545 0.9841818 0.9886364
[295] 0.9643636 0.9807273 0.9571818 0.9862727 0.9625455 0.9171818 0.9405455
[302] 0.9912727 0.9892727 0.9848182 0.9630000 0.9675455 0.9957273 0.9620000
[309] 0.9793636 0.9599091 0.9818182 0.9772727 0.9776364 0.9738182 0.9680000
[316] 0.9705455 0.9512727 0.9444545 0.9837273 0.9869091 0.9759091 0.9823636
[323] 0.9809091 0.9450000 0.9828182 0.9889091 0.9938182 0.9864545 0.9696364
[330] 0.9621818 0.9915455 0.9670000 0.9640000 0.9698182 0.9930000 0.9788182
[337] 0.9874545 0.9756364 0.9769091 0.9541818 0.9830909 0.9860909 0.9719091
[344] 0.9657273 0.9803636 0.9647273 0.9871818 0.9830000 0.9804545 0.9779091
[351] 0.9400000 0.9432727 0.9731818 0.9812727 0.9879091 0.9749091 0.9768182
[358] 0.9744545 0.9627273 0.9784545 0.9800000 0.9629091 0.9730909 0.9857273
[365] 0.9743636 0.9834545 0.9868182 0.9668182 0.9363636 0.9838182 0.9783636
[372] 0.9937273 0.9850909 0.9914545 0.9731818 0.9699091 0.9858182 0.9522727
[379] 0.9653636 0.9685455 0.9837273 0.9904545 0.9977273 0.9580000 0.9729091
[386] 0.9830909 0.9765455 0.9801818 0.9634545 0.9779091 0.9708182 0.9913636
[393] 0.9806364 0.9835455 0.9554545 0.9740000 0.9938182 0.9685455 0.9934545
[400] 0.9864545 0.9768182 0.9707273 0.9564545 0.9774545 0.9632727 0.9790909
[407] 0.9670000 0.9770000 0.9620000 0.9493636 0.9959091 0.9867273 0.9774545
[414] 0.9780909 0.9837273 0.9903636 0.9529091 0.9698182 0.9863636 0.9743636
[421] 0.9771818 0.9797273 0.9879091 0.9809091 0.9805455 0.9772727 0.9648182
[428] 0.9768182 0.9890000 0.9914545 0.9606364 0.9590909 0.9869091 0.9850909
[435] 0.9496364 0.9675455 0.9735455 0.9704545 0.9825455 0.9872727 0.9615455
[442] 0.9853636 0.9852727 0.9762727 0.9203636 0.9724545 0.9847273 0.9602727
[449] 0.9682727 0.9768182 0.9952727 0.9849091 0.9611818 0.9515455 0.9812727
[456] 0.9753636 0.9486364 0.9648182 0.9940000 0.9826364 0.9408182 0.9327273
[463] 0.9700000 0.9752727 0.9669091 0.9726364 0.9920909 0.9745455 0.9775455
[470] 0.9531818 0.9600909 0.9908182 0.9890909 0.9660909 0.9678182 0.9631818
[477] 0.9600000 0.9769091 0.9471818 0.9835455 0.9783636 0.9640000 0.9652727
[484] 0.9762727 0.9740000 0.9744545 0.9662727 0.9697273 0.9863636 0.9589091
[491] 0.9719091 0.9745455 0.9736364 0.9557273 0.9865455 0.9724545 0.9796364
[498] 0.9783636 0.9904545 0.9800909

$PCD_vals_oLS
  [1] 0.9575455 0.9655455 0.9665455 0.9881818 0.9586364 0.9707273 0.9866364
  [8] 0.9324545 0.9218182 0.8948182 0.9760000 0.9452727 0.9543636 0.9503636
 [15] 0.9627273 0.9657273 0.9485455 0.9779091 0.9563636 0.9572727 0.8625455
 [22] 0.9540000 0.9466364 0.9765455 0.9530909 0.9226364 0.9609091 0.9629091
 [29] 0.9457273 0.8552727 0.9224545 0.9693636 0.9821818 0.9866364 0.8965455
 [36] 0.9463636 0.9106364 0.9712727 0.9752727 0.8698182 0.9444545 0.9617273
 [43] 0.9422727 0.9568182 0.9689091 0.8617273 0.9900909 0.9553636 0.9756364
 [50] 0.9294545 0.9380000 0.9342727 0.9811818 0.9501818 0.9377273 0.9816364
 [57] 0.9388182 0.9344545 0.9424545 0.9680000 0.9710000 0.7874545 0.9231818
 [64] 0.9598182 0.9414545 0.9765455 0.9882727 0.9221818 0.9355455 0.9540000
 [71] 0.9508182 0.9059091 0.9000000 0.9644545 0.9681818 0.9272727 0.9287273
 [78] 0.9350000 0.9590909 0.9740000 0.9152727 0.9337273 0.9720000 0.9522727
 [85] 0.9731818 0.9432727 0.9458182 0.9062727 0.9501818 0.9748182 0.8628182
 [92] 0.8921818 0.9754545 0.9630909 0.9611818 0.9353636 0.9833636 0.9388182
 [99] 0.9544545 0.9513636 0.9377273 0.9540909 0.9627273 0.9462727 0.9459091
[106] 0.9387273 0.8550909 0.9060000 0.9675455 0.9611818 0.9470000 0.9537273
[113] 0.9524545 0.9443636 0.9503636 0.9246364 0.9048182 0.9456364 0.9105455
[120] 0.9154545 0.9583636 0.9399091 0.9872727 0.9819091 0.9697273 0.9720000
[127] 0.9757273 0.8904545 0.9533636 0.9484545 0.9763636 0.9511818 0.9429091
[134] 0.9544545 0.9349091 0.8782727 0.9502727 0.9404545 0.9379091 0.9595455
[141] 0.9083636 0.9581818 0.9336364 0.9345455 0.9517273 0.9704545 0.9660909
[148] 0.9493636 0.9244545 0.9320909 0.8149091 0.9218182 0.9843636 0.9336364
[155] 0.9694545 0.9133636 0.9464545 0.9960909 0.9158182 0.9684545 0.9444545
[162] 0.9830909 0.9327273 0.9589091 0.8958182 0.9020000 0.9394545 0.9580909
[169] 0.9483636 0.8730909 0.9671818 0.9922727 0.9646364 0.9726364 0.8945455
[176] 0.9427273 0.9419091 0.9746364 0.9530909 0.9921818 0.9358182 0.9650000
[183] 0.9921818 0.9416364 0.9537273 0.9646364 0.9601818 0.9680909 0.9241818
[190] 0.9377273 0.9840000 0.9100000 0.9804545 0.9580000 0.9467273 0.9714545
[197] 0.9623636 0.9110000 0.9693636 0.9668182 0.9730000 0.9790909 0.9798182
[204] 0.8143636 0.9527273 0.9702727 0.9839091 0.9510909 0.9111818 0.9668182
[211] 0.9510000 0.9199091 0.8999091 0.9372727 0.9791818 0.9266364 0.9534545
[218] 0.9518182 0.9454545 0.9800909 0.9474545 0.9477273 0.9313636 0.9504545
[225] 0.9626364 0.9717273 0.9833636 0.9185455 0.9319091 0.9520909 0.9512727
[232] 0.9145455 0.9786364 0.9274545 0.9683636 0.9670909 0.9660909 0.9571818
[239] 0.9440909 0.9678182 0.9689091 0.9614545 0.9531818 0.9273636 0.9350000
[246] 0.8864545 0.9566364 0.9815455 0.9430909 0.9368182 0.9928182 0.9684545
[253] 0.9632727 0.9361818 0.9440000 0.9353636 0.9206364 0.9750909 0.9085455
[260] 0.9807273 0.9605455 0.8552727 0.9715455 0.9222727 0.9826364 0.9886364
[267] 0.9782727 0.9943636 0.8918182 0.9617273 0.9697273 0.9364545 0.9496364
[274] 0.9317273 0.9615455 0.9698182 0.9576364 0.9561818 0.9864545 0.9372727
[281] 0.9469091 0.9700909 0.8690909 0.9261818 0.9438182 0.9703636 0.9484545
[288] 0.9476364 0.9630909 0.9771818 0.9899091 0.9730000 0.9697273 0.9540909
[295] 0.9939091 0.9668182 0.9729091 0.9707273 0.8875455 0.9386364 0.9621818
[302] 0.9984545 0.8177273 0.9701818 0.9436364 0.9176364 0.9607273 0.9732727
[309] 0.9593636 0.8448182 0.9703636 0.9194545 0.9659091 0.9750909 0.8286364
[316] 0.9225455 0.9586364 0.9470909 0.9230000 0.9744545 0.9080000 0.9848182
[323] 0.9676364 0.9374545 0.9404545 0.9134545 0.9853636 0.9790000 0.9251818
[330] 0.9607273 0.9562727 0.9303636 0.9536364 0.9701818 0.9660000 0.9621818
[337] 0.9528182 0.9200000 0.9505455 0.9385455 0.9596364 0.9773636 0.9933636
[344] 0.9209091 0.9787273 0.9471818 0.9599091 0.9330909 0.9437273 0.9733636
[351] 0.8083636 0.9412727 0.9515455 0.9683636 0.9567273 0.9373636 0.9086364
[358] 0.9344545 0.9415455 0.9753636 0.9856364 0.9478182 0.9104545 0.9844545
[365] 0.9541818 0.9480909 0.9013636 0.8620909 0.8742727 0.9870000 0.9370909
[372] 0.9712727 0.9643636 0.9869091 0.9900909 0.9283636 0.9727273 0.9700909
[379] 0.9451818 0.9434545 0.9386364 0.9209091 0.8662727 0.9564545 0.9210909
[386] 0.9849091 0.9690000 0.8828182 0.9595455 0.9206364 0.9452727 0.9312727
[393] 0.9892727 0.9694545 0.9290000 0.9669091 0.9573636 0.9443636 0.9607273
[400] 0.9212727 0.9760909 0.9608182 0.9535455 0.9653636 0.9347273 0.9669091
[407] 0.9500000 0.9864545 0.9488182 0.9767273 0.8721818 0.9363636 0.9758182
[414] 0.9713636 0.9691818 0.9284545 0.9490000 0.9510000 0.9828182 0.9215455
[421] 0.9411818 0.9535455 0.9905455 0.9586364 0.9651818 0.9654545 0.8883636
[428] 0.9567273 0.9590000 0.9524545 0.9186364 0.9640909 0.9666364 0.9173636
[435] 0.9403636 0.9193636 0.9534545 0.9919091 0.9148182 0.9803636 0.8108182
[442] 0.9479091 0.9767273 0.9510000 0.8402727 0.9899091 0.9625455 0.9797273
[449] 0.9685455 0.9697273 0.9489091 0.9362727 0.9509091 0.9487273 0.9520000
[456] 0.9400000 0.9233636 0.9021818 0.9676364 0.9830909 0.9609091 0.9213636
[463] 0.9670909 0.9364545 0.9647273 0.9314545 0.9532727 0.9670000 0.9645455
[470] 0.8595455 0.9859091 0.9943636 0.9727273 0.9192727 0.9585455 0.9204545
[477] 0.9546364 0.9529091 0.8288182 0.9860909 0.9814545 0.9190909 0.9575455
[484] 0.9766364 0.9782727 0.9203636 0.9153636 0.9163636 0.9644545 0.9428182
[491] 0.9800000 0.9589091 0.9751818 0.9335455 0.9587273 0.9507273 0.9654545
[498] 0.9667273 0.9627273 0.9488182

$V_RF
  [1] 1.303627 1.306762 1.305207 1.303837 1.306092 1.302887 1.306568 1.307468
  [9] 1.306260 1.304950 1.301307 1.304055 1.305513 1.304611 1.306186 1.301263
 [17] 1.304341 1.307048 1.307552 1.307066 1.306879 1.307907 1.305572 1.300636
 [25] 1.307717 1.297008 1.306115 1.306719 1.306575 1.298965 1.305244 1.306557
 [33] 1.305488 1.303556 1.306688 1.306140 1.304752 1.303401 1.304006 1.290888
 [41] 1.303454 1.307845 1.305985 1.307274 1.307722 1.307363 1.306892 1.307249
 [49] 1.305686 1.304847 1.299959 1.301344 1.306180 1.307212 1.307502 1.306420
 [57] 1.306116 1.303537 1.303372 1.307252 1.306279 1.304286 1.307930 1.301406
 [65] 1.306365 1.305754 1.305737 1.306709 1.305793 1.307566 1.303721 1.302568
 [73] 1.304343 1.303464 1.304845 1.307520 1.303632 1.299889 1.304574 1.305417
 [81] 1.306088 1.307644 1.307897 1.307819 1.301367 1.299535 1.307236 1.293415
 [89] 1.306804 1.305754 1.297884 1.301158 1.307171 1.307215 1.307584 1.298585
 [97] 1.307772 1.307207 1.306150 1.303016 1.307244 1.307556 1.307960 1.307371
[105] 1.302544 1.304057 1.304892 1.301748 1.305469 1.300519 1.307731 1.307883
[113] 1.304862 1.303613 1.303865 1.307905 1.282111 1.307566 1.306834 1.305454
[121] 1.305148 1.306064 1.306752 1.307503 1.306990 1.306023 1.306661 1.307066
[129] 1.303906 1.302075 1.302708 1.305768 1.305486 1.305207 1.304869 1.302205
[137] 1.307217 1.302510 1.301059 1.307910 1.304440 1.298942 1.307376 1.307885
[145] 1.302492 1.305006 1.306301 1.306581 1.307202 1.305853 1.302128 1.306881
[153] 1.303226 1.304093 1.303722 1.306741 1.303105 1.306833 1.306352 1.306219
[161] 1.303998 1.303358 1.304138 1.304178 1.304451 1.300040 1.300972 1.304772
[169] 1.307151 1.302617 1.306125 1.307600 1.304201 1.305716 1.307300 1.303414
[177] 1.306582 1.303760 1.303856 1.305537 1.305914 1.298169 1.303861 1.304309
[185] 1.306581 1.301704 1.295134 1.307601 1.306852 1.307627 1.306927 1.301314
[193] 1.304354 1.303730 1.297811 1.303797 1.305283 1.303999 1.304257 1.307565
[201] 1.303800 1.304178 1.307901 1.300517 1.307902 1.305059 1.306155 1.303513
[209] 1.302115 1.306900 1.303155 1.304539 1.305572 1.305937 1.305036 1.304718
[217] 1.307701 1.307606 1.304671 1.302858 1.307104 1.306260 1.306285 1.297376
[225] 1.305998 1.306351 1.307582 1.305412 1.306552 1.302248 1.300646 1.304446
[233] 1.307200 1.296444 1.306169 1.305322 1.306084 1.307763 1.306027 1.306773
[241] 1.307652 1.303689 1.304579 1.305835 1.304679 1.306041 1.303347 1.306023
[249] 1.306426 1.304668 1.307317 1.307469 1.306697 1.306424 1.303142 1.306423
[257] 1.305300 1.303476 1.306852 1.307810 1.306472 1.295327 1.307580 1.307097
[265] 1.306232 1.305164 1.306118 1.306930 1.301821 1.306904 1.306566 1.297964
[273] 1.300169 1.307208 1.306215 1.303898 1.301385 1.307367 1.305107 1.307960
[281] 1.307056 1.306384 1.299055 1.307010 1.305234 1.305729 1.302162 1.300567
[289] 1.303484 1.306729 1.300828 1.298596 1.306062 1.306501 1.305868 1.303798
[297] 1.307677 1.307332 1.307601 1.289943 1.307094 1.300111 1.306506 1.307814
[305] 1.303096 1.307655 1.305868 1.307234 1.304097 1.300000 1.304972 1.305494
[313] 1.306890 1.305673 1.301834 1.305346 1.304334 1.305734 1.306113 1.307502
[321] 1.306619 1.307001 1.303045 1.303914 1.307490 1.306040 1.307149 1.305568
[329] 1.305959 1.301696 1.306605 1.307095 1.299121 1.305987 1.307954 1.302332
[337] 1.302597 1.306209 1.305071 1.306332 1.307906 1.305975 1.302606 1.304321
[345] 1.306924 1.306850 1.307427 1.307926 1.306408 1.302785 1.292740 1.305659
[353] 1.303701 1.306702 1.305371 1.305407 1.306592 1.301685 1.302955 1.303417
[361] 1.307566 1.303603 1.304776 1.305634 1.307871 1.306821 1.304793 1.302840
[369] 1.296491 1.303626 1.307628 1.307932 1.307210 1.307276 1.304876 1.304804
[377] 1.306697 1.303512 1.305556 1.306055 1.304518 1.301966 1.304904 1.303534
[385] 1.305773 1.304221 1.307861 1.303646 1.301623 1.307358 1.307830 1.307177
[393] 1.305751 1.307721 1.301654 1.302501 1.302758 1.307576 1.307490 1.307634
[401] 1.302566 1.306167 1.302157 1.307463 1.302535 1.305794 1.304365 1.306782
[409] 1.300826 1.298435 1.303506 1.307714 1.306386 1.307303 1.307571 1.305862
[417] 1.305162 1.306678 1.304960 1.298823 1.305827 1.300864 1.306532 1.304436
[425] 1.304027 1.306951 1.304142 1.307961 1.302901 1.301753 1.298992 1.305836
[433] 1.305755 1.307927 1.303668 1.304971 1.296037 1.302035 1.306779 1.307784
[441] 1.300951 1.306924 1.307311 1.305814 1.296453 1.304965 1.306562 1.305242
[449] 1.307736 1.307810 1.306403 1.306711 1.303236 1.301459 1.304524 1.295495
[457] 1.303810 1.306644 1.307185 1.304004 1.305745 1.305859 1.307145 1.305047
[465] 1.307787 1.305187 1.306859 1.305341 1.306130 1.304026 1.303085 1.306956
[473] 1.307941 1.304394 1.307952 1.307025 1.304951 1.302387 1.305568 1.306091
[481] 1.306900 1.304661 1.306963 1.305779 1.305202 1.307059 1.307698 1.303693
[489] 1.307851 1.306501 1.307599 1.307153 1.306917 1.305354 1.306333 1.307485
[497] 1.307573 1.307774 1.307899 1.302602

$V_CXLS
  [1] 1.305471 1.306516 1.305573 1.307355 1.307799 1.301696 1.307677 1.307276
  [9] 1.306729 1.307100 1.305522 1.301361 1.307512 1.297381 1.303732 1.305738
 [17] 1.306763 1.305565 1.304908 1.307594 1.306679 1.307755 1.307293 1.307125
 [25] 1.307440 1.301915 1.307325 1.306891 1.306237 1.304658 1.307193 1.306791
 [33] 1.305390 1.303599 1.302518 1.307614 1.304547 1.305714 1.307399 1.300527
 [41] 1.306149 1.307884 1.307159 1.306409 1.307131 1.307921 1.298508 1.306447
 [49] 1.306485 1.307158 1.306110 1.302235 1.306231 1.307951 1.306753 1.306195
 [57] 1.307602 1.306444 1.306133 1.307637 1.307589 1.307596 1.307905 1.304389
 [65] 1.304980 1.307323 1.307910 1.307133 1.307525 1.307953 1.307463 1.305160
 [73] 1.307341 1.304565 1.307411 1.307859 1.306806 1.304700 1.306682 1.303509
 [81] 1.300182 1.307952 1.307486 1.306164 1.306686 1.301662 1.307055 1.296421
 [89] 1.306755 1.306603 1.302657 1.304213 1.307454 1.305302 1.307850 1.304959
 [97] 1.304478 1.306425 1.307256 1.304625 1.306837 1.305718 1.307624 1.307775
[105] 1.307207 1.307023 1.297369 1.307137 1.305426 1.302020 1.307941 1.307916
[113] 1.301854 1.300320 1.306503 1.307242 1.303329 1.305622 1.307471 1.307203
[121] 1.307768 1.306678 1.307517 1.307760 1.306564 1.304764 1.306342 1.306924
[129] 1.307069 1.304861 1.307688 1.306519 1.306644 1.307644 1.307799 1.303160
[137] 1.306807 1.303094 1.306946 1.307049 1.302713 1.305961 1.306377 1.307187
[145] 1.304817 1.306790 1.306312 1.303075 1.306891 1.304203 1.307742 1.306393
[153] 1.305046 1.306894 1.306730 1.306716 1.307861 1.307709 1.307904 1.307674
[161] 1.307278 1.305855 1.306812 1.306314 1.306371 1.303003 1.306793 1.303386
[169] 1.307301 1.302554 1.307498 1.307649 1.302170 1.307530 1.304468 1.306047
[177] 1.307246 1.305403 1.305994 1.307806 1.306384 1.307165 1.306384 1.307817
[185] 1.307867 1.306549 1.307055 1.307220 1.305556 1.307675 1.305763 1.299667
[193] 1.306040 1.304527 1.303419 1.307845 1.307023 1.306409 1.307394 1.307591
[201] 1.302107 1.304956 1.307341 1.303015 1.307076 1.306827 1.306239 1.304536
[209] 1.307713 1.307917 1.307400 1.306918 1.307390 1.306465 1.303746 1.303209
[217] 1.304948 1.307587 1.305468 1.304109 1.304251 1.305760 1.305230 1.305241
[225] 1.306815 1.307512 1.305999 1.305838 1.307090 1.306324 1.302171 1.306602
[233] 1.305064 1.302916 1.307004 1.306469 1.307571 1.307689 1.307200 1.304559
[241] 1.307809 1.307582 1.305451 1.303723 1.306722 1.305845 1.307313 1.307588
[249] 1.307639 1.306503 1.305078 1.304302 1.307022 1.307883 1.307303 1.307563
[257] 1.307684 1.305996 1.307344 1.306718 1.307817 1.304279 1.307830 1.305155
[265] 1.307126 1.306306 1.306865 1.307561 1.298121 1.307346 1.305960 1.304532
[273] 1.304353 1.304167 1.305673 1.305569 1.306218 1.306846 1.305981 1.305291
[281] 1.307287 1.307490 1.303326 1.306017 1.306036 1.304019 1.306275 1.303950
[289] 1.307577 1.307284 1.305127 1.307233 1.307143 1.307761 1.305128 1.307203
[297] 1.302455 1.307540 1.304307 1.294176 1.297919 1.307668 1.307735 1.307438
[305] 1.304009 1.305152 1.307905 1.305652 1.306975 1.303693 1.307380 1.306977
[313] 1.306912 1.306080 1.305654 1.306320 1.302441 1.299339 1.307087 1.307570
[321] 1.306264 1.307390 1.307276 1.300035 1.307193 1.307800 1.307885 1.307505
[329] 1.305342 1.304091 1.307788 1.305000 1.304301 1.306152 1.307859 1.307108
[337] 1.307538 1.306710 1.306944 1.302712 1.307191 1.307475 1.305211 1.305657
[345] 1.307186 1.305085 1.307562 1.307116 1.306862 1.306488 1.298482 1.299803
[353] 1.306117 1.307286 1.307472 1.306255 1.306773 1.306562 1.305653 1.307079
[361] 1.306833 1.305873 1.306742 1.307365 1.306299 1.307373 1.307544 1.305048
[369] 1.296926 1.307355 1.306842 1.307899 1.307419 1.307809 1.306149 1.306034
[377] 1.307542 1.303340 1.305328 1.305482 1.307418 1.307745 1.307956 1.303318
[385] 1.306041 1.307236 1.306831 1.306815 1.303626 1.306916 1.305666 1.307645
[393] 1.307063 1.307273 1.302080 1.306226 1.307812 1.305379 1.307801 1.307422
[401] 1.306581 1.305528 1.304528 1.307097 1.305840 1.306693 1.304731 1.306657
[409] 1.304074 1.300227 1.307917 1.307450 1.306728 1.306457 1.307361 1.307610
[417] 1.301967 1.305353 1.307440 1.305833 1.307014 1.306794 1.307595 1.307115
[425] 1.307328 1.306462 1.304340 1.306458 1.307574 1.307686 1.304560 1.303606
[433] 1.307585 1.307413 1.303103 1.305258 1.306252 1.305593 1.307088 1.307646
[441] 1.304087 1.307686 1.307242 1.306466 1.290125 1.306223 1.307492 1.303732
[449] 1.305725 1.306925 1.307897 1.307528 1.304153 1.304157 1.306915 1.306193
[457] 1.300287 1.304136 1.307861 1.307319 1.298056 1.295350 1.306422 1.306566
[465] 1.305860 1.306413 1.307810 1.306306 1.306785 1.302414 1.303242 1.307778
[473] 1.307689 1.305061 1.305096 1.303671 1.304237 1.306472 1.300019 1.307431
[481] 1.306609 1.304601 1.305097 1.307026 1.306073 1.306222 1.304681 1.305237
[489] 1.307604 1.303359 1.305815 1.306559 1.306183 1.302702 1.307420 1.305795
[497] 1.307213 1.307181 1.307715 1.306893

$V_OLS
  [1] 1.304853 1.304628 1.305511 1.307532 1.303258 1.306230 1.307487 1.300678
  [9] 1.292667 1.284227 1.306607 1.299703 1.303301 1.299764 1.304617 1.305351
 [17] 1.299611 1.306276 1.302818 1.302483 1.275881 1.302125 1.302393 1.306251
 [25] 1.300723 1.295187 1.304410 1.303753 1.300382 1.249686 1.297169 1.305583
 [33] 1.306991 1.307482 1.279410 1.301514 1.287925 1.306464 1.306369 1.270878
 [41] 1.300146 1.304923 1.299731 1.302741 1.305061 1.273289 1.307644 1.302912
 [49] 1.307146 1.294254 1.296378 1.298519 1.306893 1.302062 1.297711 1.307211
 [57] 1.296528 1.297048 1.298620 1.305193 1.305655 1.208166 1.291980 1.303640
 [65] 1.301599 1.307014 1.307481 1.297371 1.295542 1.301176 1.300327 1.284167
 [73] 1.282487 1.304389 1.305190 1.292485 1.297448 1.296569 1.303294 1.306201
 [81] 1.289313 1.296863 1.306003 1.301682 1.306753 1.300380 1.300573 1.285989
 [89] 1.300453 1.306320 1.273794 1.279534 1.305969 1.304081 1.303786 1.296719
 [97] 1.307185 1.299722 1.304045 1.303966 1.300841 1.302066 1.304284 1.300251
[105] 1.300424 1.300545 1.256227 1.282170 1.305044 1.305344 1.301904 1.304059
[113] 1.301786 1.299525 1.302301 1.291396 1.282801 1.300388 1.287156 1.295247
[121] 1.303803 1.299516 1.307502 1.306863 1.305902 1.305658 1.306425 1.277753
[129] 1.302348 1.300211 1.306781 1.301537 1.299195 1.302371 1.299533 1.268556
[137] 1.302702 1.298500 1.296948 1.304879 1.286597 1.304571 1.297616 1.296751
[145] 1.303071 1.306319 1.304727 1.301198 1.298349 1.296243 1.251361 1.296807
[153] 1.307209 1.295492 1.306140 1.287213 1.301371 1.307922 1.287107 1.305274
[161] 1.301945 1.307543 1.295500 1.302785 1.279415 1.281262 1.298177 1.303208
[169] 1.301849 1.265958 1.305705 1.307841 1.304843 1.306383 1.278944 1.301158
[177] 1.302047 1.306225 1.301548 1.307790 1.296390 1.305393 1.307821 1.299988
[185] 1.303295 1.304652 1.304373 1.305409 1.292057 1.296833 1.307292 1.286964
[193] 1.306841 1.304168 1.303579 1.305429 1.304839 1.293071 1.305996 1.305252
[201] 1.306024 1.306990 1.307136 1.219898 1.301718 1.305284 1.307570 1.301731
[209] 1.285128 1.304999 1.300761 1.297689 1.291076 1.298176 1.306696 1.293084
[217] 1.302134 1.300933 1.300881 1.306776 1.300933 1.299746 1.294714 1.301602
[225] 1.303847 1.305564 1.307160 1.293152 1.296522 1.302066 1.301207 1.296423
[233] 1.306734 1.293382 1.305319 1.304548 1.306181 1.301433 1.301983 1.305214
[241] 1.305965 1.304101 1.303218 1.296031 1.295663 1.276933 1.302907 1.307133
[249] 1.299777 1.298578 1.307833 1.305286 1.304512 1.297492 1.299254 1.297325
[257] 1.290503 1.306584 1.288733 1.306910 1.304830 1.249278 1.306117 1.291111
[265] 1.307282 1.307723 1.306659 1.307913 1.275515 1.305481 1.306353 1.297269
[273] 1.301056 1.296324 1.304708 1.305717 1.303937 1.302072 1.307599 1.300090
[281] 1.301665 1.305629 1.263277 1.293259 1.299281 1.305572 1.301074 1.300346
[289] 1.303894 1.307111 1.307738 1.305972 1.305248 1.302663 1.307859 1.305186
[297] 1.305625 1.306569 1.275621 1.299761 1.304631 1.307956 1.246907 1.306602
[305] 1.299080 1.288930 1.303753 1.306524 1.303579 1.261647 1.305723 1.296934
[313] 1.304599 1.306830 1.245487 1.291047 1.303795 1.301333 1.291276 1.306348
[321] 1.289034 1.307445 1.305234 1.300602 1.298515 1.295854 1.307380 1.306906
[329] 1.290681 1.304832 1.303065 1.295468 1.303572 1.306014 1.305156 1.303852
[337] 1.302381 1.292099 1.302923 1.298183 1.303921 1.307057 1.307783 1.291496
[345] 1.306966 1.300645 1.305193 1.295133 1.299792 1.306220 1.231774 1.299272
[353] 1.300940 1.305938 1.302728 1.297141 1.288337 1.296838 1.300766 1.306268
[361] 1.307565 1.299814 1.285177 1.307251 1.302302 1.301567 1.284755 1.267300
[369] 1.265251 1.307489 1.298552 1.306447 1.304096 1.307566 1.307762 1.298918
[377] 1.306018 1.306014 1.300368 1.302063 1.301272 1.294531 1.272684 1.302326
[385] 1.293584 1.307605 1.305603 1.264228 1.303393 1.290245 1.299342 1.294045
[393] 1.307616 1.305221 1.297787 1.304958 1.302790 1.302143 1.304867 1.291185
[401] 1.306559 1.305098 1.302715 1.304676 1.297512 1.304965 1.301893 1.307427
[409] 1.303068 1.306378 1.259524 1.297707 1.306582 1.306412 1.305093 1.293370
[417] 1.300762 1.302511 1.307278 1.291363 1.301619 1.301541 1.307597 1.305465
[425] 1.304913 1.304676 1.277626 1.303069 1.303428 1.300876 1.290523 1.304306
[433] 1.306208 1.288024 1.297609 1.291419 1.302589 1.307756 1.288854 1.307308
[441] 1.228845 1.303841 1.306511 1.302100 1.245727 1.307668 1.305421 1.306811
[449] 1.305930 1.305993 1.300413 1.298707 1.303250 1.302349 1.302217 1.298036
[457] 1.291587 1.286173 1.304937 1.307285 1.304243 1.296358 1.304270 1.299719
[465] 1.305023 1.298718 1.302652 1.306421 1.304917 1.256516 1.307510 1.307866
[473] 1.306238 1.291763 1.302948 1.292684 1.302102 1.302620 1.251329 1.307632
[481] 1.307180 1.291250 1.302847 1.306431 1.306593 1.295754 1.289532 1.291274
[489] 1.305077 1.299099 1.307022 1.304456 1.306586 1.295420 1.303986 1.303966
[497] 1.304490 1.305104 1.304293 1.300790

$Beta_CX
                [,1]      [,2]      [,3]
  [1,] -0.1460120441 1.1225412 1.0922467
  [2,] -0.0656233281 1.0277007 0.9227883
  [3,] -0.0417651705 1.0199023 0.8565698
  [4,]  0.0254256561 0.8472269 0.9218089
  [5,]  0.0049134543 1.0368082 0.9878964
  [6,]  0.1372306486 0.8902797 1.1213774
  [7,]  0.0081062092 0.9594240 1.0221526
  [8,]  0.0663601826 1.0849139 1.0397420
  [9,] -0.0700761655 0.9806555 0.9040330
 [10,] -0.0733459646 0.9587458 0.9455879
 [11,]  0.0892420199 0.9989176 1.1550868
 [12,] -0.0244286248 0.9050209 1.2320527
 [13,] -0.0415890668 0.9095065 0.9555262
 [14,] -0.0507378210 1.2851248 0.8660780
 [15,]  0.0662030543 0.9573199 0.7654454
 [16,] -0.1206477154 0.9646167 1.0044186
 [17,]  0.0415875555 0.9890719 1.1119349
 [18,] -0.0339756198 1.0734761 0.8965222
 [19,] -0.0620933052 1.1289664 0.9318963
 [20,]  0.0411421035 0.9569349 0.9218268
 [21,]  0.0949169592 0.9905901 1.0120310
 [22,] -0.0345953135 1.0075913 0.9845812
 [23,]  0.0608759636 0.9702622 1.0165225
 [24,] -0.0420784761 0.9076409 0.9929975
 [25,]  0.0647323422 1.0590451 1.0611031
 [26,]  0.2144981035 1.0498993 1.1675373
 [27,]  0.0635518570 1.0011051 1.0404210
 [28,] -0.0515881474 0.8855453 0.8098212
 [29,] -0.0427074440 1.2065494 1.0406167
 [30,]  0.0051679232 0.9914714 1.2312982
 [31,] -0.0185756311 0.8767600 0.9701531
 [32,] -0.0639592133 0.9728763 0.8925239
 [33,]  0.1056841440 1.1276707 1.3057559
 [34,] -0.0961609921 0.7946331 0.9675707
 [35,]  0.1177963882 1.0206021 0.8228361
 [36,] -0.0395158585 0.9501172 0.9163234
 [37,]  0.1141919069 1.1187215 0.9537150
 [38,] -0.0647539223 0.9361406 1.0929559
 [39,]  0.0256815556 1.0320513 1.1214565
 [40,] -0.1014661466 0.7886640 1.0526399
 [41,] -0.0546564200 0.9620133 1.1090273
 [42,]  0.0227483506 1.0663256 1.0498408
 [43,]  0.0840685356 1.2043129 1.1627495
 [44,] -0.0721292145 1.1043133 0.9861117
 [45,] -0.0677834695 0.9495821 0.9185222
 [46,]  0.0102746851 0.9961548 0.9757177
 [47,]  0.0061565941 1.1203729 0.7685602
 [48,] -0.0854624450 0.8911782 0.8510725
 [49,]  0.0908209903 0.9647389 1.0295279
 [50,] -0.0770065644 1.0489795 1.0323883
 [51,]  0.0982651572 0.9428772 1.0208870
 [52,]  0.1655675122 0.8910837 1.0358910
 [53,] -0.0631333890 1.1254210 0.9847407
 [54,]  0.0087414135 1.0013983 1.0113150
 [55,] -0.0222940093 1.0700558 0.9421372
 [56,]  0.0605754393 1.1263256 0.9821078
 [57,]  0.0277253372 1.0328722 0.9728934
 [58,]  0.0403151371 0.8775902 1.0032652
 [59,] -0.0924913818 1.1037480 0.9954043
 [60,]  0.0478864949 1.1149577 1.1524726
 [61,] -0.0080407654 0.8736618 0.9385852
 [62,]  0.0387380029 0.8943472 0.8625522
 [63,]  0.0104237225 1.1163645 1.0877793
 [64,]  0.1348145514 0.9664219 1.1001020
 [65,] -0.1002232294 1.0480101 0.9051369
 [66,]  0.0591510524 0.9536988 0.9231306
 [67,] -0.0208145068 1.0486329 1.0448987
 [68,] -0.0789953014 1.0371791 1.0524295
 [69,]  0.0205321946 0.9061188 0.9744430
 [70,]  0.0032814190 1.0622037 1.0772388
 [71,] -0.0014215310 1.0323525 1.1231359
 [72,] -0.0334324242 0.8327380 1.0106968
 [73,]  0.0355407024 0.9953894 1.0794007
 [74,] -0.0939879209 1.0242470 0.8646278
 [75,]  0.0411970127 1.0446619 1.1216585
 [76,] -0.0213439480 1.0496005 1.0231758
 [77,] -0.0806771867 1.0204296 1.0936289
 [78,]  0.0414656199 0.8890279 1.0934261
 [79,] -0.0423066595 0.8798136 0.9909693
 [80,]  0.1033747807 1.1443623 0.9256671
 [81,]  0.0428027467 1.1936160 0.8543341
 [82,]  0.0088338474 0.9803664 0.9886126
 [83,] -0.0311156022 1.0550995 0.9842032
 [84,]  0.0735712141 1.2077016 1.0586338
 [85,] -0.0278075390 0.9701435 1.1050286
 [86,]  0.0469976551 0.8393515 1.1281726
 [87,]  0.0849046628 1.0568605 1.0583835
 [88,] -0.0997411597 0.8179625 1.2088300
 [89,]  0.0237201420 0.8751445 0.9924757
 [90,]  0.1029782350 1.0626257 1.1024815
 [91,] -0.1555636006 0.8989011 1.0508636
 [92,] -0.1510304957 0.9335439 0.9949917
 [93,] -0.0533913458 0.9286461 0.9114105
 [94,]  0.0583410240 1.1853030 0.9896015
 [95,]  0.0014619964 1.0157753 1.0571039
 [96,] -0.1526352781 1.1250606 1.0564075
 [97,]  0.0027738869 1.1146029 0.8899284
 [98,]  0.1013895611 1.0101469 0.9767842
 [99,]  0.0157588047 1.0073551 1.1114869
[100,]  0.1412928169 0.9490289 1.0331328
[101,] -0.0607813676 1.0429571 0.9495520
[102,]  0.0311800132 1.1864504 0.9961242
[103,]  0.0145387295 1.1463016 1.0721858
[104,]  0.0285585649 0.9561688 0.9277078
[105,] -0.0375193539 0.9840823 1.0775822
[106,]  0.0420784961 1.0167420 1.1242850
[107,] -0.1914221730 0.7029070 0.8243596
[108,] -0.0717171821 0.9430920 0.9547480
[109,]  0.1008889875 0.9856495 0.8789747
[110,] -0.1930672962 0.9584441 1.0675092
[111,]  0.0068859720 1.0451535 1.0636379
[112,]  0.0108348896 1.0200453 0.9978850
[113,] -0.0768700467 1.1137158 1.4818664
[114,] -0.1225520386 1.2408315 0.9240538
[115,]  0.0658045612 0.9741872 1.0894340
[116,]  0.0398073343 1.0280571 0.9452123
[117,]  0.0138469454 0.8280674 1.0707426
[118,] -0.0171535080 1.1082673 0.9235296
[119,]  0.0564064537 0.9552692 0.9621291
[120,] -0.0630927910 0.9611186 1.0118006
[121,]  0.0329193343 1.1060066 1.1432250
[122,] -0.0681886333 1.1780016 1.0609393
[123,] -0.0545299161 0.9901258 0.9817208
[124,]  0.0348546131 1.1386927 1.1028891
[125,]  0.0820315088 1.0027645 0.9302151
[126,]  0.0387804204 0.9163162 1.1263950
[127,] -0.0964646696 1.1294226 1.0372574
[128,]  0.0059468231 0.9343015 0.8279278
[129,]  0.0042936167 0.9099490 1.0190536
[130,]  0.1483021886 1.0571649 1.0001844
[131,]  0.0343612514 0.9886073 1.0303032
[132,] -0.0840664213 0.9903912 1.0797539
[133,]  0.0803132080 0.9766125 0.9130200
[134,]  0.0510243847 1.0660327 1.0654372
[135,] -0.0030262208 0.9927345 1.0415967
[136,] -0.1765834034 0.9563043 0.9581826
[137,]  0.0322544034 1.0781375 0.9553960
[138,]  0.1157079547 0.8454703 1.0308079
[139,]  0.0092277761 0.9140239 1.0302383
[140,]  0.0786540804 1.0902465 1.0408638
[141,] -0.0916215525 1.0802394 0.8485135
[142,] -0.0490033684 0.9691438 1.1323381
[143,]  0.1054165851 1.0091696 0.9874930
[144,]  0.0065506592 1.0381809 0.9355158
[145,] -0.1271619098 0.9003743 0.9864070
[146,] -0.0906828167 1.0671911 1.1274783
[147,]  0.0959064816 1.0429490 0.9692247
[148,]  0.0932668116 1.0068638 0.8049323
[149,] -0.0100553591 0.9655541 0.8541385
[150,]  0.1459971744 1.0319801 0.9333523
[151,] -0.0001808059 0.9906866 0.9364820
[152,]  0.0906316684 0.9549260 0.9007811
[153,] -0.1546664200 1.0854274 1.0698471
[154,] -0.0361578133 0.9193820 1.0279935
[155,]  0.0508990753 0.9790439 1.0948367
[156,] -0.0506017762 0.8938400 0.9975151
[157,]  0.0262508783 0.9921913 0.9827366
[158,]  0.0410021637 0.9920365 1.0076017
[159,]  0.0002765874 1.0476689 1.0174368
[160,] -0.0241913073 0.9474584 0.8995515
[161,] -0.0579120154 0.9478238 0.9981366
[162,] -0.0496100232 0.9479809 1.1121284
[163,]  0.0368353973 1.0625885 1.1957364
[164,] -0.1044033137 1.0313611 1.1019381
[165,] -0.0897247887 1.0732543 0.9843457
[166,] -0.0716620977 0.7403595 0.9398678
[167,] -0.0628282080 1.0185853 1.1244760
[168,]  0.1139062559 0.9519168 0.7948214
[169,] -0.0516106811 0.9725844 0.9185387
[170,] -0.1579211141 0.8675147 0.9969787
[171,]  0.0076405806 1.0944979 1.0094983
[172,] -0.0372988611 1.1180156 1.0684296
[173,]  0.0928175796 1.0668656 0.8269217
[174,] -0.0528809703 0.9984828 0.9805614
[175,]  0.0074695931 0.9464779 0.7556652
[176,]  0.0969516561 0.9608806 1.0553984
[177,] -0.0260841599 1.0516495 0.9587238
[178,]  0.0141925486 0.9142178 1.1051590
[179,] -0.1071450589 1.0333474 0.9613398
[180,]  0.0229545103 1.0206876 1.0577682
[181,]  0.1017219591 0.9623862 0.9923817
[182,]  0.0222823769 0.9286919 1.0283598
[183,] -0.1153337980 1.1130195 1.1604115
[184,]  0.0269177067 1.0128607 1.0409660
[185,] -0.0259374318 1.0066745 1.0171918
[186,]  0.0038612042 0.9867148 1.1371550
[187,] -0.0821614323 1.0460058 1.0772280
[188,] -0.0704895342 0.9997227 1.0294319
[189,]  0.0382330378 1.0846878 0.9078137
[190,] -0.0115731603 0.9886744 0.9295820
[191,] -0.1081864193 0.9825645 1.0803179
[192,]  0.0493938048 1.2578502 0.8904396
[193,] -0.0716811141 0.9690096 1.1073915
[194,]  0.1549742692 0.9874250 1.0006598
[195,] -0.0312322641 0.8545629 1.0988222
[196,]  0.0246252718 1.0646997 1.0932306
[197,] -0.0607911678 0.9462666 1.0204879
[198,]  0.0692235298 0.9766699 1.0950751
[199,] -0.0581344461 1.0031007 1.0443067
[200,]  0.0066909657 0.9920626 0.9235635
[201,]  0.1862551331 1.0182649 0.9180034
[202,]  0.0620282579 0.9467205 1.1436501
[203,] -0.0073646333 0.9090399 0.9984068
[204,] -0.0495445349 0.8518624 1.1023015
[205,]  0.0647320295 1.0609726 0.9907479
[206,] -0.0683819333 0.9048418 0.9752020
[207,]  0.0941354883 1.0576545 0.9711591
[208,]  0.1416598286 0.9717860 1.0797374
[209,]  0.0014726158 1.0528424 0.9921353
[210,]  0.0157299253 1.0225137 1.0079254
[211,]  0.0030034862 0.9823534 1.0741132
[212,]  0.0797090594 0.9564335 0.9952892
[213,]  0.0198604505 1.1331318 1.0397572
[214,]  0.0802401647 1.0301048 1.1401551
[215,]  0.1500875469 0.9210887 1.0311064
[216,] -0.0237759554 0.8740565 1.1324612
[217,] -0.0726481699 1.1254708 0.9373109
[218,]  0.0330431744 0.9343811 0.9880688
[219,]  0.1178162683 0.9564155 1.0460535
[220,] -0.1580229144 0.9543407 0.9970471
[221,]  0.0212967177 0.9226807 1.1589951
[222,]  0.1363331418 1.1239134 1.0850385
[223,]  0.0205571732 0.8816009 1.0711257
[224,] -0.0148196439 0.9685045 1.1782776
[225,]  0.0917877256 1.0408897 1.0200440
[226,]  0.0571886156 1.1194974 1.0854319
[227,]  0.0512321328 1.0739644 0.9235959
[228,] -0.0958053165 0.8979296 0.9889655
[229,] -0.0137711275 1.1175295 1.0015972
[230,] -0.0644194319 0.8706973 0.9783188
[231,] -0.2010547141 0.9955037 0.9880367
[232,] -0.0056738291 0.9160278 1.0530495
[233,]  0.1374413782 1.0632041 1.1845585
[234,]  0.0141543854 0.9057669 1.1854419
[235,] -0.0047085330 1.1171860 0.9942217
[236,] -0.0857363239 1.0493004 0.9658450
[237,] -0.0508410333 0.9750456 0.9734014
[238,] -0.0386481491 0.9779688 0.9533307
[239,]  0.0668474137 0.9313962 0.9146996
[240,]  0.0078841894 1.1974406 0.9587792
[241,] -0.0331061583 1.0200509 1.0316141
[242,] -0.0118753038 0.9891018 1.0626707
[243,]  0.1305382234 0.9757620 1.0094597
[244,] -0.1088071356 0.9489129 0.7988025
[245,]  0.0124389380 0.8230479 0.9383606
[246,] -0.0304649087 0.9178017 1.0857663
[247,]  0.0424220334 0.9994178 1.0801362
[248,]  0.0155146225 1.0158842 1.0899421
[249,]  0.0478377057 1.0295631 1.0117035
[250,] -0.0866838294 0.9723467 0.9145919
[251,]  0.0336398088 1.1299791 0.9263722
[252,]  0.0584215782 1.1468915 0.9227183
[253,] -0.0778711584 0.9586169 0.9543339
[254,] -0.0095343667 1.0232337 1.0560848
[255,] -0.0633028025 1.0147930 1.0605931
[256,] -0.0222091343 0.9554944 1.0228079
[257,]  0.0319340709 0.9782033 0.9376929
[258,]  0.0271373094 0.9819241 1.1570760
[259,] -0.0426268051 0.9962531 1.0729713
[260,]  0.0412883090 1.1203835 0.9920969
[261,] -0.0112133693 1.0064130 0.9640548
[262,] -0.1324583588 0.8611762 0.9508532
[263,]  0.0153610172 0.9847216 0.9479238
[264,]  0.1009455463 1.0380052 0.9040991
[265,]  0.0600492722 0.9758698 1.0478499
[266,]  0.0919831076 0.9945240 1.0869109
[267,] -0.0432842271 0.8520993 0.9465528
[268,]  0.0123560578 1.0650958 0.9897522
[269,] -0.1251390584 1.1388753 0.8129860
[270,]  0.0434174811 1.0909135 1.1784200
[271,]  0.0806627477 1.1740107 1.0271726
[272,]  0.1224119589 0.9563825 1.1041065
[273,]  0.1655213108 1.0277423 1.0782250
[274,]  0.1223463562 1.1280274 0.9548866
[275,]  0.1140165750 0.8881565 0.9072544
[276,]  0.0337615533 0.9642783 1.1536048
[277,]  0.0479407361 1.0024300 1.1591813
[278,] -0.0611594005 1.0843446 0.9853946
[279,]  0.0176944012 1.1080921 0.9380853
[280,] -0.0177388875 1.1612110 0.9553166
[281,] -0.0321611859 1.0552198 0.9684337
[282,]  0.0254963557 1.0466932 1.1281082
[283,] -0.0980709843 0.7954014 0.9761680
[284,] -0.1098832413 0.9443104 0.9335469
[285,]  0.1200171972 1.0761652 1.0302756
[286,]  0.1042492884 1.0577610 0.8782249
[287,]  0.0562897808 0.8892872 1.0132918
[288,] -0.1658233708 1.1969274 1.0622464
[289,] -0.0039276102 0.9883901 1.0639923
[290,]  0.0352812362 1.0186013 0.9365822
[291,]  0.0779191030 0.8059472 0.9420479
[292,] -0.0654987794 0.9305489 0.9542164
[293,] -0.0198128973 1.0402481 0.9377256
[294,]  0.0412636331 1.0881952 1.0888784
[295,] -0.1244951027 1.1272085 1.0050632
[296,]  0.0677681532 1.0420861 0.9978545
[297,]  0.0479001602 1.0001825 0.7607540
[298,] -0.0185274410 1.1502025 1.0684462
[299,]  0.0668344176 1.1599333 0.9374257
[300,]  0.2800208136 0.8721101 0.9201967
[301,]  0.0995321168 1.0735190 0.7527760
[302,]  0.0294812230 1.0731855 1.1325134
[303,] -0.0369099571 0.9434235 0.9583062
[304,]  0.0487355958 0.9534150 1.0037099
[305,] -0.0489797216 0.8605631 1.0800130
[306,] -0.0153718090 1.1116869 0.9091370
[307,]  0.0186762210 1.0831381 1.1017107
[308,] -0.1319861056 1.0290124 1.0319435
[309,]  0.0390206976 1.0862706 1.2097499
[310,] -0.0541622745 0.8612119 1.0886704
[311,]  0.0624307673 0.9672674 0.9711363
[312,] -0.0861539881 1.0462137 1.0328688
[313,] -0.0784239706 0.9312269 0.9140529
[314,]  0.0353826717 0.9720673 1.1376076
[315,] -0.1158929273 0.9039911 0.9315918
[316,]  0.0937478781 0.8905313 0.9328027
[317,] -0.1105946341 1.0398746 0.8276391
[318,] -0.0410676530 1.0751192 0.7549335
[319,] -0.0627111172 1.0838877 1.0092101
[320,]  0.0285653805 1.0377573 0.9745931
[321,] -0.0126776487 0.9883968 1.1531375
[322,] -0.0688076014 1.0895493 1.1015894
[323,] -0.0669410322 0.9778554 1.0001736
[324,] -0.1231489840 1.0528787 0.7923699
[325,]  0.0080569290 0.9079143 0.8185242
[326,]  0.0356034249 1.0553537 1.0476124
[327,] -0.0019637793 1.0162245 0.9830611
[328,] -0.0217153948 1.0459359 0.9708206
[329,] -0.0754702565 1.1065336 0.9397124
[330,]  0.0980352478 0.8109678 0.9671305
[331,]  0.0088109919 0.9784590 0.9320668
[332,]  0.0888451401 1.1393121 0.9618907
[333,]  0.1008149626 0.9470520 1.1380996
[334,]  0.0813424800 0.8400944 0.9222099
[335,] -0.0151345317 0.8602947 0.8870273
[336,]  0.0773095096 0.9999345 1.0239470
[337,] -0.0106312617 1.0623490 0.9845439
[338,]  0.0793626136 1.1047939 1.0176184
[339,] -0.0843383122 1.0153995 0.9980784
[340,]  0.0252045726 1.1588701 0.8797069
[341,]  0.0014927694 1.1289389 1.0171616
[342,]  0.0385916839 1.0210370 0.9596195
[343,]  0.0701254286 0.9895929 1.1795537
[344,]  0.1159572880 0.8982372 0.9086357
[345,] -0.0813754603 1.1581695 1.1278865
[346,]  0.0072878712 1.0871017 0.8868244
[347,] -0.0515064816 1.0482433 1.0210168
[348,]  0.0181012949 1.0684324 0.9603097
[349,]  0.0364295123 0.7563253 0.8408421
[350,]  0.0748787968 0.9867146 1.0935652
[351,] -0.1316798591 0.7988082 1.0956507
[352,]  0.0670616659 1.1137862 0.7979775
[353,] -0.0967348463 1.0284675 0.9453629
[354,] -0.0634950312 1.0184639 1.0676919
[355,] -0.0123737356 1.0278030 0.9475590
[356,]  0.0560211895 0.9090105 1.0386760
[357,] -0.0758346772 1.1671684 1.0680483
[358,] -0.1014926941 1.0567362 1.1083663
[359,] -0.1266266900 0.9879697 1.0195043
[360,]  0.0780755430 0.9843672 1.0008654
[361,] -0.0320904451 0.8749045 0.9838642
[362,]  0.1139478732 0.9511392 0.9980456
[363,]  0.0875950476 0.9423179 0.9664124
[364,] -0.0212596342 0.8676791 0.9463121
[365,] -0.0128473153 1.0918052 0.9361094
[366,] -0.0340717730 0.9899302 1.0714813
[367,] -0.0169500194 0.9102397 0.9786399
[368,] -0.1045658574 0.8278058 0.9285150
[369,]  0.1071597536 0.8118235 1.1810421
[370,]  0.0553337040 1.0126886 1.0705677
[371,] -0.0570055500 0.9921751 0.9027044
[372,]  0.0217666809 1.0399817 1.0513682
[373,]  0.0639264095 1.1927727 1.1453054
[374,] -0.0304645733 0.9633128 0.9500439
[375,]  0.0178327807 0.8430905 0.9887304
[376,]  0.1124529026 0.9911753 1.0459255
[377,] -0.0264475979 0.8966641 0.9574355
[378,] -0.1642309258 1.0116883 0.9233197
[379,]  0.1230304673 0.9550686 1.0401811
[380,] -0.1101158953 0.9242044 1.0191056
[381,]  0.0530351898 0.9359675 0.9068047
[382,]  0.0319168712 0.9882871 1.0213529
[383,] -0.0054902725 1.0072199 1.0171964
[384,] -0.1106084148 1.0615288 0.8678454
[385,] -0.0798708921 0.8463482 0.9407146
[386,] -0.0190919010 0.8862953 0.9775251
[387,]  0.0752150872 1.0265448 0.9581376
[388,] -0.0530462764 0.9013300 0.9966945
[389,] -0.0001333729 0.8493660 1.0894615
[390,]  0.0824446265 1.0095463 0.9768495
[391,]  0.0434755467 1.1114254 0.9360909
[392,]  0.0132940022 1.0311180 0.9666416
[393,] -0.0495181339 1.0255071 0.9395934
[394,] -0.0116219541 1.0513426 0.9543749
[395,] -0.0912454282 0.8755200 1.1383230
[396,]  0.0911661947 0.9430763 1.0283127
[397,]  0.0111065025 1.1000919 1.0519247
[398,] -0.0690389286 1.0615670 0.9005253
[399,]  0.0109500297 1.0366667 1.0852640
[400,] -0.0367924584 1.0320187 0.9629698
[401,] -0.0197881289 0.9874113 1.1336058
[402,]  0.0178392215 0.9119102 1.0965889
[403,]  0.1540747140 0.9877999 1.0455371
[404,]  0.0786842604 1.0668851 1.1162291
[405,] -0.1208792159 0.9892619 0.9870580
[406,] -0.0152604464 1.0005757 0.8764550
[407,] -0.1204491488 0.8929590 1.0052511
[408,] -0.0595499235 0.9613805 1.0715631
[409,] -0.0946382147 0.8891068 1.0791622
[410,]  0.1397946768 0.8901803 1.1722339
[411,] -0.0016421503 0.8722971 0.8957906
[412,]  0.0438278456 1.1820526 1.1072939
[413,]  0.0218146861 0.9320820 1.0604522
[414,]  0.0295115790 1.1465190 0.9949934
[415,] -0.0574330321 0.9171844 0.8997622
[416,]  0.0141978859 0.9870008 1.0569814
[417,] -0.0616799127 1.0317625 0.7791634
[418,] -0.0393308293 1.1809366 0.9793211
[419,]  0.0436637068 0.9740785 1.0361756
[420,]  0.0128883556 0.9388474 1.1168387
[421,] -0.0767450014 0.9515036 0.9395224
[422,] -0.0429753373 0.9479495 1.0625035
[423,] -0.0554333841 1.0998599 1.0925231
[424,]  0.0660973222 1.0508355 1.1267133
[425,] -0.0657439279 1.0119250 1.0398837
[426,]  0.0398318835 1.0438541 0.9118052
[427,] -0.0779783424 1.0071448 0.8298157
[428,]  0.0185264474 0.9735189 0.8429561
[429,] -0.0351831352 0.9558670 0.9082497
[430,] -0.0247668038 0.9776519 1.0288391
[431,]  0.1396073870 1.0022521 1.1292404
[432,] -0.0902199817 1.1698078 0.9387962
[433,]  0.0233865683 0.8719168 0.9297920
[434,]  0.0268755254 0.8768379 0.9481735
[435,]  0.1665597917 0.9768227 0.8983037
[436,]  0.0437824916 1.0444385 1.2613087
[437,] -0.0945083424 1.0938504 1.2140522
[438,]  0.0126026574 0.8837982 1.0610307
[439,] -0.0273293743 1.0689915 0.9631747
[440,]  0.0409659391 1.0253625 1.0664536
[441,] -0.1341290817 0.8904101 1.0067996
[442,]  0.0405293244 0.9349045 0.9215701
[443,]  0.0388847870 0.9517735 1.0366010
[444,] -0.0307689868 1.1474746 0.9968852
[445,] -0.1570233808 0.6926270 1.0969335
[446,]  0.1042454150 0.9760267 1.0311192
[447,]  0.0389297989 1.0212751 1.0885492
[448,]  0.1143414570 0.9116311 1.0978716
[449,] -0.0232062159 1.1284802 0.9450376
[450,]  0.0857096801 1.0147105 1.0009243
[451,] -0.0198851045 1.0628402 1.0819388
[452,]  0.0545698453 1.0944269 1.1373760
[453,]  0.1282527511 1.0645135 0.9181221
[454,]  0.1938614654 1.1752689 1.1814978
[455,]  0.0573986391 0.9722634 1.0654021
[456,]  0.0342299839 0.8782227 1.0214146
[457,]  0.0066416969 1.1234903 0.8017300
[458,]  0.0003516172 1.0438209 0.8247233
[459,]  0.0089540136 1.1192308 1.0789169
[460,] -0.0526801941 1.0213374 1.0897086
[461,]  0.0703257888 1.0744986 0.7431051
[462,]  0.0738199596 1.1362379 0.7438192
[463,] -0.0859893438 0.8320486 0.8212739
[464,] -0.0469394028 0.9557726 1.0831478
[465,]  0.0785684236 0.9481521 0.8403057
[466,]  0.0917322229 0.9185352 0.8846080
[467,]  0.0136784420 1.0957732 1.0491669
[468,]  0.0485257432 1.0040863 1.1548144
[469,]  0.0707474709 0.8816513 0.9436506
[470,] -0.0138512069 0.7353592 0.9752386
[471,]  0.0722163615 1.0899102 1.3949830
[472,]  0.0060840409 1.0878562 1.1447323
[473,] -0.0379801216 1.1064478 1.0655943
[474,] -0.0966264778 0.8939604 1.0358210
[475,] -0.0741970708 1.1306609 0.9482875
[476,] -0.0161277543 1.0620664 0.8287316
[477,]  0.1419113361 1.1159976 0.9791387
[478,]  0.0009228110 0.9868397 1.1420297
[479,] -0.0342110257 1.0949039 0.7786870
[480,] -0.0552737323 0.9643058 0.9393026
[481,]  0.0192616588 1.0870278 0.9488072
[482,]  0.0883116662 1.1571310 0.9599142
[483,]  0.1009073928 1.1080872 0.9533731
[484,] -0.0935289252 1.1605837 1.1523339
[485,] -0.0215051489 0.8736698 1.0254233
[486,] -0.0065037150 1.0133146 0.8650999
[487,] -0.0691114837 1.0731261 0.8849055
[488,]  0.1112023390 1.1310111 0.9909507
[489,] -0.0243029716 1.0688200 1.0034077
[490,] -0.0310007383 1.0096235 0.7834132
[491,]  0.0120195039 1.2156979 1.0204656
[492,] -0.0770803729 1.0001146 0.9189362
[493,] -0.0321737781 1.0604291 0.9095323
[494,] -0.0811399433 0.8658352 1.1119407
[495,] -0.0095965789 0.9916293 1.0815573
[496,] -0.0458185195 1.0973225 0.9309103
[497,]  0.0718220669 0.9903270 0.9839835
[498,]  0.0755979764 1.0553989 1.0315029
[499,]  0.0050105163 1.1422852 1.0769120
[500,]  0.0708422844 1.0291991 1.1146345

