$RE_RF
[1] 4.195729

$RE_CXls
[1] 4.136315

$RF_2_imput
                 [,1]
Q1_bias    0.04194441
mean_bias  0.00501122
Q3_bias   -0.04897064
MSE        0.50860157

$CXls_imput
                  [,1]
Q1_bias    0.101267150
mean_bias  0.008301022
Q3_bias   -0.106347890
MSE        0.293482103

$bias_sd_OLS
                   beta.t         bias       Esd       Asd    CP
(Intercept) -0.0007833638  0.003152629 0.2077117 0.2017783 0.940
X1           0.3680320955  0.001904530 0.2955001 0.2886444 0.944
X2           0.3676230879 -0.004937910 0.3004106 0.2898685 0.934

$bias_sd_RF
                   beta.t         bias        sd
(Intercept) -0.0007833638  0.005918785 0.1178854
X1           0.3680320955 -0.090726272 0.1192301
X2           0.3676230879  0.064310002 0.1098776

$bias_sd_CXls
                   beta.t          bias       Esd    Asd_IF    CP  RE_beta
(Intercept) -0.0007833638  9.127829e-03 0.1168273 0.1125500 0.948 1.236617
X1           0.3680320955 -3.676434e-04 0.1456213 0.1455314 0.938 4.118054
X2           0.3676230879  5.341438e-05 0.1357598 0.1403803 0.954 4.897855

$pcd_OLS
[1] 0.7992982 0.1628468

$VF_OLS
[1] 0.9580572 0.1113837

$pcd_RF
[1] 0.8858102 0.0604457

$VF_RF
[1] 1.0163824 0.0345292

$pcd_CXls
[1] 0.89513382 0.06352315

$VF_Cxls
[1] 1.02147745 0.03647805

$VF_0
 mean_V0    sd_V0 
1.064211 1.732190 

$VF_B0
mean_VB0   sd_VB0 
1.053410 1.701635 

$PCD_vals_RF
  [1] 0.8985455 0.9452727 0.9356364 0.9710909 0.9010909 0.8914545 0.8518182
  [8] 0.8456364 0.9165455 0.9761818 0.9261818 0.9354545 0.9910909 0.9263636
 [15] 0.8896364 0.7730909 0.8880000 0.9694545 0.9612727 0.9672727 0.8920000
 [22] 0.9369091 0.9314545 0.9354545 0.8841818 0.9790909 0.8872727 0.8689091
 [29] 0.9703636 0.9336364 0.8698182 0.9240000 0.9580000 0.9336364 0.8543636
 [36] 0.9365455 0.7821818 0.8854545 0.9712727 0.9143636 0.8705455 0.9101818
 [43] 0.9043636 0.8261818 0.8287273 0.8423636 0.9080000 0.8241818 0.9447273
 [50] 0.7280000 0.9241818 0.7627273 0.8878182 0.8749091 0.8629091 0.9530909
 [57] 0.9727273 0.9300000 0.9103636 0.8123636 0.8770909 0.8998182 0.9403636
 [64] 0.8656364 0.9360000 0.9090909 0.8078182 0.8909091 0.9025455 0.9638182
 [71] 0.8232727 0.8987273 0.8641818 0.8672727 0.8856364 0.9369091 0.8592727
 [78] 0.9052727 0.8903636 0.9112727 0.8650909 0.9830909 0.9101818 0.7092727
 [85] 0.8783636 0.8876364 0.9040000 0.8356364 0.8707273 0.9181818 0.9547273
 [92] 0.9483636 0.9456364 0.9789091 0.8778182 0.8463636 0.9289091 0.8200000
 [99] 0.8538182 0.9321818 0.9223636 0.9518182 0.8265455 0.9350909 0.8956364
[106] 0.8138182 0.7707273 0.8894545 0.9667273 0.9238182 0.9410909 0.8725455
[113] 0.8341818 0.8147273 0.9163636 0.7227273 0.8996364 0.7945455 0.7360000
[120] 0.7490909 0.9132727 0.8594545 0.9034545 0.8256364 0.8867273 0.9103636
[127] 0.8560000 0.8900000 0.9478182 0.9818182 0.9307273 0.9740000 0.8940000
[134] 0.8832727 0.8838182 0.9412727 0.7247273 0.9203636 0.9629091 0.7514545
[141] 0.8754545 0.7521818 0.8809091 0.8560000 0.8256364 0.8916364 0.8503636
[148] 0.8463636 0.8236364 0.8712727 0.8209091 0.9423636 0.9225455 0.8569091
[155] 0.9060000 0.7796364 0.9260000 0.9420000 0.9436364 0.8589091 0.9121818
[162] 0.8807273 0.8585455 0.9620000 0.8700000 0.9392727 0.9598182 0.9687273
[169] 0.9689091 0.9467273 0.7910909 0.8238182 0.8923636 0.8612727 0.9441818
[176] 0.8910909 0.9507273 0.8230909 0.8949091 0.7365455 0.8192727 0.8029091
[183] 0.9196364 0.9049091 0.7787273 0.8852727 0.8403636 0.7718182 0.8969091
[190] 0.7445455 0.8872727 0.8530909 0.9283636 0.7325455 0.9089091 0.9590909
[197] 0.8670909 0.8787273 0.9421818 0.9072727 0.8787273 0.8580000 0.8634545
[204] 0.9072727 0.8254545 0.7216364 0.6578182 0.9765455 0.8949091 0.9741818
[211] 0.7345455 0.8765455 0.9127273 0.8896364 0.9705455 0.9330909 0.9143636
[218] 0.8705455 0.8794545 0.9258182 0.8827273 0.8394545 0.8732727 0.7827273
[225] 0.9145455 0.6789091 0.8834545 0.8652727 0.8923636 0.8416364 0.9114545
[232] 0.9190909 0.8718182 0.9176364 0.8658182 0.8163636 0.8541818 0.8947273
[239] 0.8407273 0.9550909 0.9638182 0.8869091 0.7785455 0.9089091 0.8241818
[246] 0.9641818 0.8547273 0.7909091 0.9229091 0.8460000 0.8792727 0.8243636
[253] 0.8780000 0.9590909 0.8309091 0.8992727 0.8278182 0.9465455 0.8254545
[260] 0.8003636 0.8210909 0.9040000 0.9094545 0.9127273 0.7605455 0.9145455
[267] 0.8158182 0.8090909 0.9725455 0.8841818 0.8360000 0.8932727 0.9038182
[274] 0.7978182 0.9200000 0.8961818 0.8712727 0.8816364 0.9667273 0.8434545
[281] 0.9747273 0.8903636 0.8701818 0.8741818 0.9207273 0.8969091 0.9440000
[288] 0.9372727 0.7740000 0.8743636 0.9254545 0.9556364 0.9138182 0.9650909
[295] 0.8885455 0.8907273 0.9150909 0.9138182 0.7425455 0.8650909 0.9172727
[302] 0.9165455 0.8370909 0.9023636 0.8409091 0.8196364 0.9407273 0.9581818
[309] 0.8820000 0.7836364 0.9160000 0.8952727 0.8485455 0.9330909 0.9087273
[316] 0.8910909 0.8952727 0.8498182 0.8503636 0.7978182 0.8540000 0.9814545
[323] 0.8610909 0.9465455 0.9805455 0.8392727 0.9447273 0.8821818 0.9034545
[330] 0.9174545 0.8149091 0.8503636 0.9096364 0.8998182 0.8452727 0.9634545
[337] 0.9447273 0.9694545 0.9627273 0.9329091 0.9161818 0.8412727 0.9478182
[344] 0.8616364 0.8918182 0.9112727 0.9865455 0.8921818 0.8850909 0.9321818
[351] 0.9158182 0.8558182 0.9040000 0.9521818 0.9620000 0.8970909 0.8905455
[358] 0.8510909 0.8770909 0.8721818 0.9209091 0.7876364 0.7105455 0.7656364
[365] 0.9489091 0.9189091 0.9350909 0.9527273 0.8594545 0.7340000 0.9416364
[372] 0.9861818 0.9156364 0.9469091 0.8174545 0.9270909 0.8656364 0.9050909
[379] 0.8498182 0.8703636 0.8352727 0.8400000 0.9070909 0.9636364 0.8150909
[386] 0.8409091 0.9200000 0.8478182 0.9816364 0.9245455 0.8645455 0.9301818
[393] 0.9209091 0.8925455 0.8592727 0.8981818 0.7256364 0.8258182 0.8732727
[400] 0.9425455 0.9047273 0.9149091 0.8123636 0.9614545 0.9665455 0.8458182
[407] 0.8500000 0.8600000 0.9232727 0.8341818 0.8969091 0.9140000 0.8680000
[414] 0.9090909 0.9220000 0.8516364 0.8930909 0.9520000 0.8663636 0.9032727
[421] 0.8441818 0.9783636 0.9416364 0.9430909 0.8778182 0.9858182 0.8858182
[428] 0.9832727 0.8965455 0.8763636 0.9085455 0.7903636 0.9363636 0.7869091
[435] 0.8749091 0.9089091 0.8287273 0.9474545 0.8849091 0.8558182 0.9005455
[442] 0.8650909 0.9160000 0.7974545 0.9583636 0.9121818 0.9283636 0.9203636
[449] 0.9849091 0.9136364 0.8554545 0.8632727 0.6701818 0.8232727 0.8870909
[456] 0.8883636 0.8970909 0.8265455 0.8978182 0.7790909 0.9340000 0.9638182
[463] 0.8465455 0.8661818 0.8960000 0.9332727 0.7974545 0.9372727 0.8383636
[470] 0.9249091 0.9269091 0.8781818 0.8725455 0.8736364 0.9647273 0.9092727
[477] 0.9720000 0.9361818 0.9447273 0.8009091 0.9380000 0.8105455 0.8018182
[484] 0.9532727 0.7834545 0.9240000 0.9196364 0.8938182 0.8607273 0.8403636
[491] 0.8183636 0.8087273 0.9080000 0.9256364 0.9423636 0.9292727 0.8840000
[498] 0.8632727 0.9750909 0.9432727

$PCD_vals_CXLS
  [1] 0.9405455 0.8894545 0.9407273 0.9287273 0.8710909 0.9709091 0.8794545
  [8] 0.9260000 0.9740000 0.9478182 0.8856364 0.8976364 0.9356364 0.9200000
 [15] 0.8832727 0.8940000 0.8750909 0.8683636 0.9841818 0.9738182 0.9174545
 [22] 0.9358182 0.8510909 0.8909091 0.8685455 0.8554545 0.8498182 0.8981818
 [29] 0.9498182 0.9458182 0.8836364 0.9669091 0.9465455 0.9261818 0.9074545
 [36] 0.9369091 0.8161818 0.9378182 0.8920000 0.9045455 0.9085455 0.9641818
 [43] 0.9261818 0.9603636 0.8845455 0.8200000 0.8338182 0.8376364 0.9320000
 [50] 0.8634545 0.9063636 0.7389091 0.8994545 0.9469091 0.8663636 0.8392727
 [57] 0.9541818 0.9365455 0.8749091 0.7781818 0.8316364 0.8956364 0.8976364
 [64] 0.9065455 0.9290909 0.9283636 0.7772727 0.8980000 0.8609091 0.7970909
 [71] 0.9314545 0.8540000 0.9476364 0.8972727 0.9652727 0.8970909 0.8641818
 [78] 0.8961818 0.9689091 0.9430909 0.8341818 0.8992727 0.8927273 0.8250909
 [85] 0.8998182 0.9341818 0.9560000 0.8710909 0.8898182 0.9460000 0.9450909
 [92] 0.8529091 0.9723636 0.9723636 0.8910909 0.8870909 0.9321818 0.8838182
 [99] 0.8530909 0.9363636 0.9625455 0.8427273 0.8407273 0.9618182 0.9440000
[106] 0.9496364 0.6883636 0.9836364 0.9563636 0.9360000 0.9772727 0.9423636
[113] 0.8707273 0.8385455 0.8647273 0.7725455 0.9276364 0.8427273 0.8285455
[120] 0.7660000 0.8080000 0.9385455 0.9330909 0.8703636 0.9450909 0.8920000
[127] 0.8881818 0.9800000 0.9181818 0.8787273 0.9558182 0.9369091 0.8981818
[134] 0.9005455 0.9209091 0.9701818 0.8489091 0.9023636 0.9356364 0.9454545
[141] 0.8667273 0.7712727 0.8803636 0.9049091 0.8309091 0.8883636 0.9730909
[148] 0.8621818 0.7496364 0.8896364 0.9756364 0.8929091 0.9530909 0.9183636
[155] 0.8472727 0.6243636 0.9474545 0.9201818 0.7390909 0.7958182 0.8823636
[162] 0.8796364 0.8645455 0.9318182 0.9083636 0.9649091 0.9632727 0.9510909
[169] 0.9667273 0.9523636 0.8147273 0.8861818 0.8745455 0.8901818 0.9298182
[176] 0.9223636 0.8878182 0.8600000 0.9207273 0.9050909 0.7827273 0.8407273
[183] 0.9552727 0.8963636 0.6683636 0.8803636 0.9330909 0.8461818 0.8947273
[190] 0.7325455 0.9398182 0.9114545 0.6625455 0.9114545 0.9021818 0.9547273
[197] 0.8961818 0.9169091 0.8529091 0.9685455 0.9394545 0.9050909 0.7896364
[204] 0.8921818 0.8603636 0.6878182 0.6510909 0.9530909 0.9609091 0.8696364
[211] 0.7912727 0.9029091 0.9383636 0.8714545 0.9465455 0.8927273 0.9409091
[218] 0.8123636 0.9047273 0.9163636 0.9038182 0.8036364 0.9129091 0.8489091
[225] 0.8963636 0.5785455 0.9247273 0.9016364 0.8160000 0.8643636 0.8792727
[232] 0.9618182 0.8445455 0.9069091 0.9198182 0.8770909 0.7434545 0.9709091
[239] 0.8481818 0.9401818 0.9423636 0.9387273 0.8683636 0.8576364 0.8334545
[246] 0.9469091 0.8950909 0.7112727 0.9530909 0.8416364 0.8710909 0.8947273
[253] 0.9041818 0.8618182 0.9267273 0.9514545 0.7127273 0.9321818 0.9101818
[260] 0.8890909 0.9663636 0.8747273 0.9092727 0.8669091 0.9605455 0.9627273
[267] 0.9147273 0.7650909 0.9838182 0.8730909 0.8960000 0.9392727 0.7678182
[274] 0.8500000 0.9794545 0.8989091 0.9801818 0.8436364 0.9623636 0.8794545
[281] 0.9881818 0.8309091 0.9020000 0.8438182 0.9421818 0.9374545 0.9609091
[288] 0.9949091 0.7903636 0.9283636 0.9687273 0.9452727 0.9134545 0.9125455
[295] 0.8792727 0.9256364 0.7916364 0.9323636 0.8716364 0.8505455 0.8987273
[302] 0.9523636 0.9287273 0.9996364 0.9230909 0.8736364 0.8136364 0.9227273
[309] 0.9587273 0.8812727 0.9330909 0.8521818 0.8929091 0.9265455 0.8794545
[316] 0.9414545 0.9378182 0.8852727 0.8120000 0.7903636 0.8534545 0.9883636
[323] 0.9401818 0.9416364 0.9307273 0.8621818 0.9587273 0.8414545 0.9256364
[330] 0.9141818 0.9245455 0.8745455 0.8912727 0.8929091 0.8840000 0.9405455
[337] 0.9336364 0.9100000 0.8981818 0.9274545 0.9050909 0.8318182 0.9638182
[344] 0.9256364 0.9158182 0.9867273 0.9738182 0.9230909 0.8774545 0.8801818
[351] 0.9394545 0.8981818 0.9209091 0.9350909 0.8676364 0.9489091 0.8549091
[358] 0.8565455 0.8989091 0.8710909 0.9458182 0.8227273 0.6820000 0.7598182
[365] 0.8694545 0.9232727 0.9661818 0.9334545 0.9092727 0.8138182 0.8783636
[372] 0.9861818 0.9210909 0.9947273 0.8907273 0.9283636 0.9161818 0.9572727
[379] 0.9296364 0.8876364 0.8500000 0.8976364 0.8987273 0.9316364 0.8952727
[386] 0.9614545 0.9327273 0.8869091 0.9565455 0.8001818 0.9043636 0.9098182
[393] 0.8892727 0.8876364 0.8401818 0.9718182 0.6465455 0.8556364 0.9350909
[400] 0.8807273 0.9300000 0.8940000 0.7892727 0.9350909 0.9454545 0.8565455
[407] 0.9114545 0.9065455 0.9794545 0.8740000 0.9334545 0.9025455 0.8434545
[414] 0.9332727 0.9734545 0.8880000 0.9600000 0.9323636 0.9221818 0.9909091
[421] 0.9138182 0.9741818 0.7876364 0.9294545 0.9690909 0.9390909 0.9089091
[428] 0.9474545 0.9601818 0.9432727 0.8765455 0.8060000 0.8954545 0.9425455
[435] 0.8867273 0.8627273 0.8225455 0.8680000 0.8758182 0.9443636 0.9614545
[442] 0.8590909 0.9427273 0.8547273 0.9914545 0.8667273 0.9094545 0.9149091
[449] 0.8956364 0.9230909 0.9138182 0.8301818 0.9507273 0.8847273 0.9272727
[456] 0.8863636 0.9623636 0.8605455 0.8701818 0.8094545 0.9410909 0.8489091
[463] 0.9741818 0.8976364 0.9089091 0.8709091 0.9349091 0.8950909 0.7212727
[470] 0.9452727 0.7721818 0.9040000 0.8880000 0.8116364 0.9038182 0.6934545
[477] 0.9707273 0.9114545 0.9038182 0.9443636 0.9849091 0.8849091 0.8167273
[484] 0.9312727 0.7714545 0.9094545 0.9369091 0.8852727 0.8727273 0.9134545
[491] 0.8080000 0.9365455 0.9334545 0.8381818 0.9365455 0.9483636 0.8863636
[498] 0.9478182 0.9823636 0.9725455

$PCD_vals_oLS
  [1] 0.84636364 0.84781818 0.91509091 0.95363636 0.75290909 0.89690909
  [7] 0.91490909 0.85945455 0.92218182 0.89163636 0.91581818 0.77618182
 [13] 0.95490909 0.85945455 0.89672727 0.86472727 0.60254545 0.86072727
 [19] 0.91327273 0.75981818 0.75763636 0.50545455 0.61163636 0.98690909
 [25] 0.81018182 0.76145455 0.90490909 0.88454545 0.89181818 0.87163636
 [31] 0.87509091 0.83254545 0.90818182 0.93636364 0.92236364 0.87872727
 [37] 0.84054545 0.72672727 0.88963636 0.92963636 0.93127273 0.82054545
 [43] 0.96163636 0.71654545 0.82690909 0.91836364 0.88763636 0.73890909
 [49] 0.85472727 0.78363636 0.87072727 0.55690909 0.81763636 0.50000000
 [55] 0.76800000 0.75854545 0.93418182 0.91181818 0.78672727 0.35927273
 [61] 0.86618182 0.30109091 0.86527273 0.90145455 0.77418182 0.88472727
 [67] 0.43472727 0.93636364 0.59381818 0.86345455 0.83545455 0.91127273
 [73] 0.57545455 0.85818182 0.94690909 0.72690909 0.79072727 0.83963636
 [79] 0.87163636 0.78145455 0.88054545 0.89545455 0.83054545 0.50527273
 [85] 0.86745455 0.93963636 0.65600000 0.80090909 0.94163636 0.55527273
 [91] 0.74963636 0.91036364 0.95654545 0.79018182 0.63963636 0.92418182
 [97] 0.83127273 0.78781818 0.89945455 0.79290909 0.93654545 0.87509091
[103] 0.74145455 0.88636364 0.92454545 0.84800000 0.51781818 0.84145455
[109] 0.96836364 0.70509091 0.89854545 0.85763636 0.74509091 0.81036364
[115] 0.86363636 0.32618182 0.87800000 0.88472727 0.74454545 0.50345455
[121] 0.89109091 0.82309091 0.82327273 0.68781818 0.90000000 0.91854545
[127] 0.87709091 0.93854545 0.92018182 0.93327273 0.98036364 0.81981818
[133] 0.83709091 0.41581818 0.66945455 0.57727273 0.92072727 0.61945455
[139] 0.86109091 0.77018182 0.74327273 0.70690909 0.52527273 0.89436364
[145] 0.76490909 0.87636364 0.92945455 0.84054545 0.58400000 0.76945455
[151] 0.89545455 0.85090909 0.63727273 0.84418182 0.93218182 0.12200000
[157] 0.90745455 0.96818182 0.35090909 0.45818182 0.59963636 0.81109091
[163] 0.82327273 0.90327273 0.96800000 0.93545455 0.93072727 0.83581818
[169] 0.88400000 0.86545455 0.95672727 0.86236364 0.88890909 0.91363636
[175] 0.92200000 0.68090909 0.89509091 0.71400000 0.84636364 0.90672727
[181] 0.84690909 0.73200000 0.86745455 0.92127273 0.99054545 0.83218182
[187] 0.47127273 0.56200000 0.86018182 0.75163636 0.90236364 0.89127273
[193] 0.46672727 0.23054545 0.86563636 0.63672727 0.80981818 0.93854545
[199] 0.91854545 0.94054545 0.90436364 0.86109091 0.82381818 0.53545455
[205] 0.73218182 0.62727273 0.70072727 0.85309091 0.92872727 0.90981818
[211] 0.85927273 0.87836364 0.90127273 0.93072727 0.89145455 0.84800000
[217] 0.82236364 0.88963636 0.80436364 0.91145455 0.92472727 0.77490909
[223] 0.92218182 0.82218182 0.90000000 0.34527273 0.72909091 0.94418182
[229] 0.75000000 0.81818182 0.86654545 0.93490909 0.41290909 0.92654545
[235] 0.79600000 0.57127273 0.61763636 0.50000000 0.68800000 0.82018182
[241] 0.91072727 0.94781818 0.85000000 0.98327273 0.69581818 0.87981818
[247] 0.90054545 0.43400000 0.81854545 0.90254545 0.76672727 0.73145455
[253] 0.85254545 0.92672727 0.81036364 0.96036364 0.37709091 0.93563636
[259] 0.55218182 0.50054545 0.59181818 0.97781818 0.95127273 0.84600000
[265] 0.38872727 0.98072727 0.85418182 0.82145455 0.99145455 0.55054545
[271] 0.77509091 0.77400000 0.64545455 0.82290909 0.73672727 0.96145455
[277] 0.99836364 0.07218182 0.78927273 0.71090909 0.93709091 0.53618182
[283] 0.91090909 0.89690909 0.77345455 0.82145455 0.97945455 0.90854545
[289] 0.74545455 0.70290909 0.97454545 0.95618182 0.99254545 0.91800000
[295] 0.80890909 0.80654545 0.64690909 0.92618182 0.50181818 0.78218182
[301] 0.90763636 0.80672727 0.92218182 0.89709091 0.81272727 0.86381818
[307] 0.75381818 0.58400000 0.87309091 0.48927273 0.91690909 0.18909091
[313] 0.56072727 0.90945455 0.67109091 0.91945455 0.93109091 0.91836364
[319] 0.63527273 0.95509091 0.93309091 0.91290909 0.50872727 0.64636364
[325] 0.89290909 0.77345455 0.92909091 0.62181818 0.96290909 0.73672727
[331] 0.78109091 0.89945455 0.89490909 0.85381818 0.84709091 0.88418182
[337] 0.89309091 0.98181818 0.84327273 0.90909091 0.69945455 0.88181818
[343] 0.95945455 0.50800000 0.80563636 0.66381818 0.92800000 0.92745455
[349] 0.87600000 0.83381818 0.42600000 0.80163636 0.86927273 0.85327273
[355] 0.79890909 0.95800000 0.86781818 0.68309091 0.86218182 0.62981818
[361] 0.94909091 0.85345455 0.44072727 0.00800000 0.78327273 0.81600000
[367] 0.90454545 0.97563636 0.89545455 0.85981818 0.89272727 0.96072727
[373] 0.79727273 0.86363636 0.86854545 0.85672727 0.95909091 0.71909091
[379] 0.94927273 0.83381818 0.75200000 0.84163636 0.87181818 0.95545455
[385] 0.91636364 0.56345455 0.88563636 0.72454545 0.88200000 0.74381818
[391] 0.25854545 0.95981818 0.89872727 0.55054545 0.75527273 0.41018182
[397] 0.80763636 0.73218182 0.91636364 0.87109091 0.95690909 0.63072727
[403] 0.86945455 0.83218182 0.83563636 0.93527273 0.77727273 0.77927273
[409] 0.73854545 0.84418182 0.86727273 0.78490909 0.94000000 0.90163636
[415] 0.95181818 0.87927273 0.93018182 0.96163636 0.65745455 0.85963636
[421] 0.64472727 0.88418182 0.70309091 0.84327273 0.50836364 0.88163636
[427] 0.87818182 0.91145455 0.81636364 0.88200000 0.74836364 0.54381818
[433] 0.79527273 0.52036364 0.83981818 0.78509091 0.94618182 0.87181818
[439] 0.83709091 0.86181818 0.97272727 0.83963636 0.93345455 0.87236364
[445] 0.32036364 0.84490909 0.42290909 0.90454545 0.36036364 0.74945455
[451] 0.96327273 0.79181818 0.33727273 0.77636364 0.87981818 0.91800000
[457] 0.93000000 0.85636364 0.90727273 0.45290909 0.93181818 0.88054545
[463] 0.92200000 0.85545455 0.83400000 0.77745455 0.68145455 0.90781818
[469] 0.23545455 0.94363636 0.77781818 0.80945455 0.85618182 0.73872727
[475] 0.84036364 0.81818182 0.92309091 0.84254545 0.79527273 0.48872727
[481] 0.82927273 0.88200000 0.70781818 0.87236364 0.71236364 0.86963636
[487] 0.91981818 0.84036364 0.86509091 0.92836364 0.83509091 0.67727273
[493] 0.95581818 0.92945455 0.86490909 0.76763636 0.85090909 0.96963636
[499] 0.94345455 0.70545455

$V_RF
  [1] 1.0234151 1.0484382 1.0441148 1.0514963 1.0281772 1.0235506 0.9939472
  [8] 0.9982660 1.0393625 1.0523629 1.0390210 1.0418818 1.0532417 1.0439411
 [15] 1.0196512 0.9404833 1.0217721 1.0514594 1.0493787 1.0512626 1.0318137
 [22] 1.0439664 1.0438811 1.0407544 1.0188208 1.0522438 1.0191900 1.0105985
 [29] 1.0520102 1.0420793 1.0197966 1.0400882 1.0488912 1.0396289 1.0042242
 [36] 1.0455829 0.9692163 1.0236224 1.0515225 1.0403758 1.0247905 1.0301975
 [43] 1.0313246 0.9846836 0.9953659 1.0104087 1.0359635 0.9837491 1.0460326
 [50] 0.9151202 1.0355548 0.9330954 1.0170689 1.0152097 1.0131182 1.0458994
 [57] 1.0515092 1.0394282 1.0304722 0.9850047 1.0243385 1.0320586 1.0433035
 [64] 1.0093601 1.0432017 1.0348110 0.9638148 1.0241815 1.0380348 1.0504286
 [71] 0.9768316 1.0342562 1.0211026 1.0086107 1.0220707 1.0440542 1.0009615
 [78] 1.0277963 1.0217707 1.0390958 1.0118886 1.0525477 1.0378051 0.8927627
 [85] 1.0146945 1.0221413 1.0324317 0.9917303 1.0136189 1.0380795 1.0490450
 [92] 1.0464042 1.0442459 1.0524780 1.0112363 0.9894763 1.0435739 0.9769815
 [99] 1.0054685 1.0420305 1.0362587 1.0473025 1.0045369 1.0427325 1.0268418
[106] 0.9770556 0.9460899 1.0192348 1.0511427 1.0374074 1.0470099 1.0130877
[113] 1.0018193 0.9899005 1.0384891 0.9032556 1.0288053 0.9681284 0.9077597
[120] 0.9259602 1.0356260 1.0016202 1.0298566 0.9787667 1.0248821 1.0323549
[127] 1.0054361 1.0252813 1.0463404 1.0525667 1.0447400 1.0515823 1.0251987
[134] 1.0225687 1.0272916 1.0447490 0.9102975 1.0386586 1.0489273 0.9273676
[141] 1.0247941 0.9264774 1.0192356 1.0022442 0.9902405 1.0294147 1.0001524
[148] 0.9958127 0.9810860 1.0143561 0.9710407 1.0442058 1.0384331 1.0036623
[155] 1.0413884 0.9491528 1.0384257 1.0470730 1.0468329 1.0117803 1.0354948
[162] 1.0173611 1.0091899 1.0509226 1.0095921 1.0439323 1.0491571 1.0509095
[169] 1.0502238 1.0489983 0.9548246 0.9805210 1.0275483 1.0100421 1.0451414
[176] 1.0192845 1.0494226 0.9817098 1.0313696 0.9095950 0.9808232 0.9657157
[183] 1.0335311 1.0301847 0.9416571 1.0263997 0.9954656 0.9324197 1.0234256
[190] 0.9165876 1.0243854 1.0136427 1.0414905 0.9144682 1.0304862 1.0473460
[197] 1.0107130 1.0166324 1.0435543 1.0297929 1.0116497 1.0012871 1.0155375
[204] 1.0301827 0.9851263 0.9109572 0.8552920 1.0524797 1.0254379 1.0521488
[211] 0.9214448 1.0265307 1.0319739 1.0207081 1.0516678 1.0414655 1.0350786
[218] 1.0253336 1.0164311 1.0415812 1.0156929 1.0018558 1.0112927 0.9484637
[225] 1.0358861 0.8699099 1.0182939 1.0065657 1.0245980 0.9944734 1.0358019
[232] 1.0373823 1.0128426 1.0346368 1.0094609 0.9744612 1.0068381 1.0276513
[239] 0.9911396 1.0486850 1.0504009 1.0223757 0.9529238 1.0364576 0.9893560
[246] 1.0503874 1.0007629 0.9525961 1.0439058 1.0000588 1.0184550 0.9782312
[253] 1.0125787 1.0489036 1.0064493 1.0269416 0.9790110 1.0440269 0.9835399
[260] 0.9602410 0.9853514 1.0344083 1.0323557 1.0383165 0.9327147 1.0354197
[267] 0.9693616 0.9639313 1.0513293 1.0166788 0.9892959 1.0249126 1.0307811
[274] 0.9621096 1.0354923 1.0282239 1.0108467 1.0159191 1.0501409 0.9909848
[281] 1.0515493 1.0215892 1.0187389 1.0203985 1.0394264 1.0242366 1.0444348
[288] 1.0423018 0.9626341 1.0125308 1.0375721 1.0491091 1.0329725 1.0496810
[295] 1.0281388 1.0209025 1.0368946 1.0323667 0.9415445 1.0091255 1.0368201
[302] 1.0344346 0.9913920 1.0284917 0.9916015 0.9756626 1.0440022 1.0472011
[309] 1.0153125 0.9691441 1.0343861 1.0235993 0.9974537 1.0436923 1.0366720
[316] 1.0219570 1.0288448 1.0132975 1.0000896 0.9621445 1.0085381 1.0526033
[323] 1.0052619 1.0459011 1.0522634 1.0107101 1.0454673 1.0204183 1.0291759
[330] 1.0366454 0.9731507 1.0031061 1.0381813 1.0350783 1.0074935 1.0494975
[337] 1.0444305 1.0507683 1.0509256 1.0444064 1.0353729 1.0121451 1.0464932
[344] 1.0073301 1.0193094 1.0334389 1.0526896 1.0310936 1.0188020 1.0406292
[351] 1.0400274 0.9956938 1.0311046 1.0489103 1.0491709 1.0233076 1.0231352
[358] 0.9989209 1.0244557 1.0125561 1.0376945 0.9589015 0.8976986 0.9388898
[365] 1.0473865 1.0335216 1.0413831 1.0463770 1.0023543 0.9263512 1.0451235
[372] 1.0527912 1.0417483 1.0467035 0.9795672 1.0396935 1.0092249 1.0298193
[379] 0.9959495 1.0155462 0.9913994 0.9952901 1.0364222 1.0503813 0.9703829
[386] 0.9885969 1.0400035 1.0035175 1.0524160 1.0401143 1.0101343 1.0448593
[393] 1.0346959 1.0235017 1.0020398 1.0227244 0.9090121 0.9820935 1.0184077
[400] 1.0441146 1.0303201 1.0397559 0.9675243 1.0498465 1.0511828 0.9971758
[407] 1.0000268 1.0028126 1.0373281 0.9975989 1.0287135 1.0377748 1.0128193
[414] 1.0308773 1.0366351 1.0020687 1.0234873 1.0484385 1.0144415 1.0295706
[421] 0.9928785 1.0520613 1.0470456 1.0452618 1.0260953 1.0524623 1.0158536
[428] 1.0528397 1.0250458 1.0152359 1.0389244 0.9589468 1.0466732 0.9700845
[435] 1.0162805 1.0311458 0.9831226 1.0470519 1.0179440 1.0035726 1.0266844
[442] 1.0220843 1.0318829 0.9810720 1.0483834 1.0371582 1.0396432 1.0362046
[449] 1.0526300 1.0290481 1.0014789 1.0232228 0.8760823 0.9856957 1.0239876
[456] 1.0212489 1.0280306 0.9814071 1.0251233 0.9626812 1.0426333 1.0511160
[463] 0.9930235 1.0109800 1.0267300 1.0445732 0.9588169 1.0409931 0.9923241
[470] 1.0381607 1.0442937 1.0278121 1.0124172 1.0224271 1.0503423 1.0344173
[477] 1.0519950 1.0422088 1.0487693 0.9635046 1.0432363 0.9771945 0.9634213
[484] 1.0474785 0.9587740 1.0365037 1.0364629 1.0242169 1.0068417 0.9963952
[491] 0.9728067 0.9789881 1.0310212 1.0420983 1.0460181 1.0422461 1.0306576
[498] 1.0068901 1.0516279 1.0449639

$V_CXLS
  [1] 1.0438174 1.0210686 1.0417760 1.0444296 1.0099319 1.0508590 1.0151984
  [8] 1.0408351 1.0523185 1.0466611 1.0209216 1.0320252 1.0422149 1.0366743
 [15] 1.0265188 1.0224030 1.0235373 1.0108222 1.0529026 1.0519836 1.0405749
 [22] 1.0408285 1.0131354 1.0225598 1.0126040 1.0155562 0.9975801 1.0265629
 [29] 1.0490973 1.0462446 1.0268317 1.0514823 1.0464845 1.0381123 1.0364674
 [36] 1.0422953 0.9941102 1.0440238 1.0230003 1.0303630 1.0365132 1.0496497
 [43] 1.0404959 1.0507796 1.0290349 0.9776964 1.0050771 0.9966685 1.0440648
 [50] 1.0176342 1.0284791 0.9178256 1.0249820 1.0474061 1.0095568 0.9868056
 [57] 1.0485857 1.0417746 1.0222834 0.9389039 0.9995446 1.0263485 1.0269525
 [64] 1.0282384 1.0416462 1.0448377 0.9614792 1.0345964 1.0120472 0.9618921
 [71] 1.0403980 1.0037050 1.0478898 1.0313158 1.0507779 1.0224313 1.0046952
 [78] 1.0347503 1.0509182 1.0472771 1.0031367 1.0267536 1.0336342 0.9945625
 [85] 1.0261008 1.0462972 1.0495742 1.0173371 1.0227258 1.0469493 1.0446043
 [92] 1.0156098 1.0519046 1.0515414 1.0193271 1.0157044 1.0417854 1.0263070
 [99] 1.0155498 1.0442589 1.0509240 0.9921457 1.0157301 1.0512464 1.0475844
[106] 1.0493704 0.8841552 1.0527566 1.0490445 1.0415446 1.0518061 1.0447874
[113] 1.0182722 1.0001198 1.0077545 0.9412189 1.0439856 1.0018507 0.9798035
[120] 0.9371385 0.9747477 1.0441008 1.0444536 1.0093407 1.0460432 1.0243969
[127] 1.0231170 1.0526638 1.0357860 1.0160844 1.0488160 1.0432342 1.0345441
[134] 1.0342779 1.0380857 1.0511022 1.0162722 1.0283933 1.0417856 1.0443798
[141] 1.0224946 0.9410181 1.0191112 1.0300348 0.9911772 1.0299451 1.0509858
[148] 1.0043551 0.9269207 1.0214219 1.0525451 1.0251790 1.0461529 1.0370378
[155] 1.0029766 0.8315654 1.0458500 1.0386023 0.9189879 0.9719538 1.0215999
[162] 1.0278013 1.0227024 1.0422716 1.0304232 1.0506248 1.0498839 1.0471607
[169] 1.0512145 1.0495843 0.9771742 1.0206546 1.0119625 1.0312143 1.0390349
[176] 1.0363052 1.0196798 1.0083661 1.0376884 1.0279079 0.9555335 0.9933316
[183] 1.0490847 1.0277838 0.8636713 1.0213414 1.0429454 0.9899210 1.0289817
[190] 0.9145733 1.0444741 1.0347634 0.8630308 1.0354690 1.0257782 1.0486098
[197] 1.0308233 1.0391305 0.9991383 1.0509628 1.0445293 1.0284238 0.9678619
[204] 1.0297587 1.0078875 0.8973852 0.8523799 1.0477063 1.0482358 1.0156195
[211] 0.9651285 1.0314697 1.0428503 1.0231828 1.0466125 1.0227956 1.0474869
[218] 0.9765593 1.0312673 1.0335262 1.0347163 0.9841977 1.0354721 0.9974447
[225] 1.0278787 0.8028332 1.0397972 1.0273918 0.9762083 1.0088436 1.0187377
[232] 1.0490769 1.0079478 1.0367032 1.0423719 1.0162630 0.9306826 1.0510983
[239] 0.9973810 1.0423525 1.0434164 1.0438721 1.0164391 1.0112651 1.0013576
[246] 1.0469635 1.0278711 0.8902759 1.0484011 0.9968041 1.0221420 1.0224631
[253] 1.0297268 1.0085678 1.0413336 1.0495476 0.8939495 1.0412222 1.0323369
[260] 1.0258426 1.0502377 1.0171327 1.0322571 1.0075740 1.0502913 1.0496229
[267] 1.0304317 0.9534025 1.0524221 1.0145746 1.0264148 1.0449154 0.9423200
[274] 0.9959219 1.0519567 1.0332757 1.0527449 1.0140763 1.0490682 1.0150038
[281] 1.0528947 1.0011581 1.0369784 1.0105464 1.0438963 1.0446013 1.0495111
[288] 1.0533578 0.9655596 1.0388527 1.0517208 1.0463234 1.0350774 1.0303623
[295] 1.0320162 1.0383907 0.9525801 1.0441130 1.0116031 1.0002831 1.0290800
[302] 1.0492267 1.0421440 1.0534075 1.0420628 1.0140325 0.9747999 1.0337357
[309] 1.0496043 1.0252858 1.0423263 0.9972988 1.0235399 1.0418081 1.0144410
[316] 1.0470009 1.0445834 1.0250397 0.9793393 0.9580600 1.0028853 1.0531235
[323] 1.0450999 1.0455548 1.0406546 1.0141216 1.0497838 1.0122525 1.0397200
[330] 1.0343385 1.0432468 1.0186677 1.0232962 1.0214975 1.0254676 1.0443037
[337] 1.0412635 1.0329487 1.0223890 1.0439270 1.0329909 1.0054837 1.0501248
[344] 1.0406456 1.0336413 1.0527471 1.0508810 1.0384291 1.0269820 1.0143905
[351] 1.0441961 1.0219292 1.0389640 1.0422801 1.0106451 1.0486110 1.0177531
[358] 1.0015470 1.0355047 1.0097596 1.0465215 0.9883164 0.8781735 0.9367084
[365] 1.0123781 1.0357922 1.0511888 1.0388552 1.0338274 0.9849337 1.0184882
[372] 1.0528069 1.0358188 1.0532167 1.0264163 1.0403436 1.0401738 1.0493779
[379] 1.0376495 1.0271525 1.0015147 1.0317590 1.0389364 1.0405598 1.0241548
[386] 1.0493386 1.0434290 1.0285985 1.0478262 0.9630979 1.0345346 1.0322456
[393] 1.0199224 1.0203603 0.9883797 1.0520553 0.8504001 1.0063696 1.0441856
[400] 1.0157948 1.0408825 1.0272410 0.9506540 1.0400497 1.0446402 1.0171813
[407] 1.0360787 1.0374469 1.0521680 1.0201876 1.0417594 1.0340948 0.9945480
[414] 1.0425019 1.0512327 1.0244173 1.0503674 1.0407415 1.0384432 1.0531802
[421] 1.0333663 1.0522675 0.9537763 1.0391426 1.0511213 1.0423342 1.0289705
[428] 1.0458041 1.0491067 1.0479372 1.0192927 0.9709552 1.0238151 1.0448708
[435] 1.0257469 1.0101462 0.9910097 1.0097703 1.0248738 1.0466866 1.0485875
[442] 1.0143481 1.0470837 1.0156846 1.0531069 1.0059827 1.0360349 1.0375556
[449] 1.0231979 1.0344915 1.0332284 0.9917939 1.0480319 1.0253805 1.0405525
[456] 1.0196916 1.0498099 1.0035071 1.0111522 0.9872728 1.0467387 1.0012186
[463] 1.0511677 1.0272732 1.0320778 1.0192254 1.0415439 1.0234407 0.8961878
[470] 1.0463413 0.9422865 1.0298913 1.0282675 0.9682804 1.0291084 0.8791950
[477] 1.0509763 1.0401970 1.0305037 1.0482495 1.0528192 1.0217839 0.9735790
[484] 1.0408854 0.9486272 1.0293672 1.0424910 1.0278193 1.0156350 1.0384051
[491] 0.9653551 1.0451234 1.0408265 0.9930718 1.0422524 1.0464856 1.0216404
[498] 1.0461515 1.0529965 1.0519137

$V_OLS
  [1] 0.9912006 0.9926416 1.0385217 1.0481155 0.9359903 1.0246380 1.0344653
  [8] 1.0192297 1.0384811 1.0218907 1.0368538 0.9513662 1.0483809 1.0158636
 [15] 1.0226917 1.0191547 0.8122968 1.0195372 1.0338880 0.9311384 0.9326515
 [22] 0.7502543 0.8249577 1.0527046 0.9857544 0.9332552 1.0309753 1.0206356
 [29] 1.0313604 1.0131826 1.0193031 0.9846160 1.0308190 1.0406170 1.0387246
 [36] 1.0133013 1.0051238 0.9139255 1.0264626 1.0426292 1.0459564 0.9769564
 [43] 1.0504090 0.9022798 0.9973823 1.0348757 1.0326990 0.9269402 1.0093034
 [50] 0.9598255 1.0094176 0.7890808 0.9702787 0.7515259 0.9398725 0.9290055
 [57] 1.0447459 1.0292968 0.9630674 0.6513211 1.0130883 0.6173342 1.0115645
 [64] 1.0358566 0.9440620 1.0283416 0.7040723 1.0436186 0.8145351 1.0040925
 [71] 0.9964257 1.0384696 0.8012120 1.0027927 1.0467141 0.9185098 0.9525277
 [78] 0.9981380 1.0093615 0.9462007 1.0180101 1.0331496 0.9904299 0.7488748
 [85] 1.0074607 1.0466742 0.8669009 0.9710424 1.0450937 0.7743344 0.9267614
 [92] 1.0343527 1.0477958 0.9738029 0.8421850 1.0386180 0.9812523 0.9496479
 [99] 1.0294620 0.9608990 1.0414944 1.0139768 0.9280185 1.0185866 1.0423684
[106] 1.0016113 0.7656578 0.9879088 1.0504034 0.9199798 1.0290027 1.0045427
[113] 0.9280992 0.9694639 1.0032042 0.6362339 1.0163435 1.0254768 0.9155330
[120] 0.7479403 1.0254084 0.9744366 0.9759304 0.8825716 1.0310149 1.0364337
[127] 1.0212230 1.0447455 1.0376355 1.0450035 1.0524704 0.9762467 0.9961535
[134] 0.6977481 0.8715379 0.7847606 1.0406176 0.8326302 1.0144508 0.9598089
[141] 0.9200436 0.8932476 0.7699761 1.0247764 0.9390892 1.0230134 1.0400577
[148] 0.9906841 0.8007015 0.9411124 1.0240081 1.0016062 0.8543608 0.9920358
[155] 1.0424173 0.4834859 1.0314872 1.0520679 0.6513849 0.7198423 0.8162419
[162] 0.9778291 0.9841393 1.0308593 1.0508852 1.0421779 1.0419296 0.9891844
[169] 1.0260513 1.0077356 1.0483247 1.0039631 1.0198639 1.0390458 1.0371025
[176] 0.8814768 1.0224683 0.9075401 0.9964913 1.0332194 1.0046715 0.9207832
[183] 1.0095891 1.0397111 1.0531867 1.0042340 0.7461493 0.7837067 1.0176652
[190] 0.9205846 1.0307642 1.0233102 0.7268836 0.5365999 1.0037308 0.8398147
[197] 0.9726965 1.0469944 1.0346404 1.0475112 1.0294758 1.0058257 0.9902160
[204] 0.7587664 0.9133868 0.8419928 0.8893503 0.9993492 1.0410158 1.0332406
[211] 1.0091339 1.0239395 1.0261813 1.0421971 1.0229677 0.9964436 0.9779836
[218] 1.0208929 0.9659848 1.0336168 1.0428017 0.9516386 1.0430863 0.9780895
[225] 1.0316953 0.6451252 0.9145126 1.0431307 0.9247581 0.9793648 1.0078117
[232] 1.0412480 0.6975400 1.0442146 0.9531119 0.8013882 0.8280173 0.7531441
[239] 0.8759313 0.9784627 1.0328313 1.0464091 1.0030480 1.0525559 0.8899055
[246] 1.0180136 1.0310841 0.6990465 0.9806239 1.0303133 0.9380288 0.9093925
[253] 0.9957878 1.0400502 0.9728014 1.0488678 0.6670033 1.0453595 0.7878311
[260] 0.7445291 0.8129868 1.0520826 1.0473162 0.9938479 0.6809726 1.0525655
[267] 0.9996863 0.9818261 1.0532143 0.7830803 0.9486493 0.9387051 0.8467247
[274] 0.9785935 0.9131130 1.0508259 1.0533910 0.4554581 0.9510000 0.8874267
[281] 1.0435095 0.7790911 1.0362384 1.0299825 0.9481878 0.9785069 1.0522884
[288] 1.0310902 0.9320299 0.8979480 1.0517184 1.0463392 1.0531680 1.0325161
[295] 0.9948133 0.9672896 0.8441189 1.0439999 0.7516705 0.9550624 1.0346913
[302] 0.9910099 1.0367912 1.0259623 0.9728078 1.0067010 0.9321302 0.8009943
[309] 1.0132787 0.7478911 1.0382403 0.5292166 0.7919862 1.0322402 0.8639355
[316] 1.0396292 1.0427981 1.0405432 0.8389136 1.0496688 1.0392052 1.0320095
[323] 0.7502642 0.8505681 1.0228107 0.9583392 1.0351998 0.8391939 1.0500014
[330] 0.9193461 0.9489501 1.0321218 1.0301055 0.9969583 1.0006990 1.0143800
[337] 1.0277094 1.0525327 0.9843632 1.0383309 0.8915980 1.0193197 1.0486827
[344] 0.7539404 0.9635279 0.8584545 1.0419805 1.0390807 1.0136594 0.9826108
[351] 0.6972567 0.9500468 1.0111694 1.0102846 0.9651180 1.0481218 1.0084614
[358] 0.8721190 1.0116594 0.8330036 1.0471896 1.0104056 0.7103388 0.4467829
[365] 0.9547397 0.9673090 1.0303894 1.0514880 1.0208619 1.0101357 1.0264729
[372] 1.0489317 0.9603131 1.0085615 1.0239530 1.0042800 1.0481054 0.9159563
[379] 1.0457285 0.9908162 0.9264038 0.9940231 1.0169600 1.0487692 1.0344010
[386] 0.7750084 1.0165361 0.9178603 1.0266551 0.9234732 0.5751661 1.0483075
[393] 1.0248473 0.7642990 0.9356151 0.6893673 0.9794539 0.9281916 1.0370635
[400] 1.0221057 1.0487524 0.8321474 1.0126294 0.9848577 0.9929582 1.0426782
[407] 0.9515664 0.9393986 0.9128694 0.9990124 1.0137389 0.9635559 1.0456486
[414] 1.0289311 1.0485798 1.0190540 1.0412776 1.0494467 0.8580733 1.0185204
[421] 0.8443769 1.0170641 0.8899040 0.9940178 0.7513400 1.0234308 1.0128792
[428] 1.0352864 0.9741195 1.0284538 0.9272239 0.7552223 0.9618499 0.7656795
[435] 0.9935188 0.9500751 1.0453493 1.0197116 1.0028528 1.0065034 1.0503761
[442] 0.9928848 1.0421314 1.0245327 0.6238517 0.9939199 0.7146477 1.0286865
[449] 0.6629984 0.9198402 1.0492908 0.9547651 0.6387654 0.9450839 1.0183712
[456] 1.0380697 1.0395470 1.0051464 1.0284542 0.7186068 1.0415200 1.0218005
[463] 1.0346053 1.0049683 0.9873886 0.9724711 0.8781533 1.0337264 0.5436516
[470] 1.0459204 0.9488331 0.9743549 1.0064900 0.9152088 0.9858280 0.9769056
[477] 1.0438701 0.9995731 0.9629520 0.7503012 1.0033394 1.0242575 0.8964463
[484] 1.0208428 0.8970496 1.0147557 1.0377182 1.0079441 1.0124454 1.0432287
[491] 1.0033334 0.8794414 1.0481517 1.0398003 1.0085064 0.9377424 1.0008459
[498] 1.0517370 1.0436959 0.8975004

$Beta_CX
                [,1]         [,2]         [,3]
  [1,] -0.0500556057  0.388585736  0.550480012
  [2,] -0.0046491133  0.512617222  0.237691577
  [3,]  0.0581018190  0.403403901  0.285146260
  [4,] -0.1109349906  0.445149904  0.432795782
  [5,] -0.0619876434  0.390181488  0.164671846
  [6,] -0.0297719051  0.395776911  0.467068489
  [7,] -0.1679896089  0.307742808  0.552845622
  [8,] -0.0208391486  0.272253614  0.419624009
  [9,]  0.0302539227  0.372727489  0.393295148
 [10,] -0.0022932393  0.440876716  0.321707709
 [11,]  0.0961054237  0.416960021  0.225972162
 [12,] -0.0786141389  0.260843151  0.195242449
 [13,]  0.0395529971  0.588017991  0.395240535
 [14,] -0.0734870284  0.664438367  0.412769975
 [15,] -0.1400131587  0.331842834  0.303003076
 [16,]  0.0316430434  0.177515006  0.366869363
 [17,]  0.1265543169  0.292753747  0.253251264
 [18,] -0.0565368269  0.403953506  0.170250804
 [19,]  0.0186419969  0.351978949  0.339254181
 [20,]  0.0354345571  0.579117106  0.519187122
 [21,]  0.1257409303  0.446124939  0.400227665
 [22,] -0.0336861817  0.540424488  0.352895085
 [23,] -0.1262926092  0.258920701  0.211612686
 [24,]  0.0488547040  0.515105996  0.251018177
 [25,]  0.1942074662  0.312546755  0.449527377
 [26,]  0.1468017081  0.324572981  0.251323485
 [27,]  0.1102370622  0.238773631  0.683479699
 [28,]  0.1371589130  0.296811358  0.427209129
 [29,] -0.0638975441  0.382150100  0.364317456
 [30,] -0.0163098780  0.491340336  0.356877590
 [31,]  0.1970335073  0.420070174  0.561400260
 [32,]  0.0153534335  0.265365665  0.307464830
 [33,] -0.0471231555  0.323814412  0.259954048
 [34,] -0.0490113010  0.226428442  0.345614724
 [35,]  0.0899178394  0.264204266  0.353624470
 [36,]  0.0456382374  0.431962406  0.297952009
 [37,]  0.3557144794  0.516475689  0.529156009
 [38,] -0.0376171128  0.363301464  0.260400051
 [39,]  0.0378738699  0.633520590  0.305899107
 [40,]  0.1367358652  0.506696750  0.341447010
 [41,]  0.1167143740  0.331398276  0.423435366
 [42,]  0.0479094509  0.371359344  0.436360794
 [43,] -0.0350539871  0.213200548  0.319803007
 [44,]  0.0398586625  0.360552164  0.325531726
 [45,]  0.2280198826  0.556556697  0.522509663
 [46,] -0.1551654524  0.620231898  0.170668186
 [47,]  0.1394138237  0.265918861  0.207296258
 [48,]  0.2624096173  0.525743748  0.333178822
 [49,]  0.0851286438  0.330350381  0.385136229
 [50,] -0.1076040500  0.192778180  0.237086662
 [51,]  0.0802884683  0.236478790  0.401524788
 [52,] -0.2259090766  0.015837500  0.686170240
 [53,]  0.0681141392  0.303689240  0.592378631
 [54,] -0.0810625105  0.394123711  0.435701191
 [55,] -0.1139408158  0.612038962  0.264230750
 [56,] -0.0355860243  0.443789775  0.120924352
 [57,] -0.0560405724  0.364984376  0.321961850
 [58,] -0.0464459455  0.531236870  0.358950679
 [59,] -0.1694676306  0.327244619  0.424020641
 [60,] -0.1553967701  0.297103164  0.072335969
 [61,]  0.2011860994  0.353507479  0.282695287
 [62,] -0.0458167759  0.464750530  0.241370862
 [63,]  0.0652186578  0.475124351  0.255325442
 [64,] -0.1008480102  0.348631290  0.235766471
 [65,]  0.0625480906  0.281675557  0.223972347
 [66,] -0.0903076632  0.365519239  0.364239637
 [67,] -0.2059905431  0.250874832  0.221779091
 [68,] -0.1360295711  0.355413366  0.394288423
 [69,]  0.1072870853  0.552875147  0.250095373
 [70,]  0.0067965115  0.458218757  0.070026456
 [71,] -0.0827209653  0.324998535  0.450020887
 [72,]  0.2615644615  0.367964937  0.671089259
 [73,] -0.0647341209  0.331217279  0.367360025
 [74,]  0.1508272478  0.375282518  0.373877598
 [75,] -0.0747475719  0.548294956  0.573041353
 [76,] -0.1364688759  0.549753521  0.313628071
 [77,] -0.1877231575  0.557043498  0.278581939
 [78,] -0.0883863796  0.257016490  0.232439480
 [79,] -0.0365530835  0.274284327  0.282924886
 [80,]  0.0710005701  0.334456435  0.356062221
 [81,] -0.1277842028  0.179144002  0.263351298
 [82,]  0.0777339120  0.557680803  0.299252910
 [83,]  0.1928394301  0.499199176  0.517240192
 [84,] -0.1760670630  0.229631520  0.305520504
 [85,]  0.1194163046  0.296674388  0.496861525
 [86,]  0.1261712401  0.548845568  0.579226063
 [87,]  0.0546726809  0.336764617  0.327249063
 [88,] -0.2183815768  0.387394451  0.595522699
 [89,] -0.0456311727  0.282656869  0.582872562
 [90,]  0.0548801616  0.429461818  0.340384296
 [91,] -0.0135286657  0.559394682  0.390151945
 [92,]  0.1245057961  0.236697851  0.230429435
 [93,] -0.0250422783  0.561999077  0.493950628
 [94,]  0.0020575315  0.237033118  0.201405243
 [95,] -0.0337507916  0.234770552  0.512601776
 [96,] -0.0798600908  0.174684648  0.350032943
 [97,] -0.1023076929  0.367744335  0.457993713
 [98,] -0.0960024803  0.235158672  0.204171959
 [99,] -0.1397047730  0.310917649  0.239226076
[100,] -0.1176494148  0.475872535  0.567736273
[101,] -0.0605677455  0.456155524  0.456822860
[102,] -0.0377696915  0.569726571  0.169902150
[103,]  0.1797989682  0.351604002  0.325660356
[104,] -0.0367600409  0.297237981  0.308280591
[105,] -0.0968581062  0.472455036  0.477403312
[106,] -0.0574196624  0.338286742  0.340259403
[107,] -0.1584281608  0.002937242  0.248282568
[108,]  0.0031911096  0.515328479  0.566831704
[109,] -0.0707467199  0.549158432  0.470730182
[110,] -0.0263170403  0.398089379  0.264226299
[111,]  0.0040786940  0.437387518  0.508694575
[112,] -0.0796081643  0.504234131  0.683390958
[113,] -0.1777590301  0.463363624  0.317691701
[114,]  0.2071658105  0.402990378  0.280804947
[115,] -0.1005909789  0.365851686  0.172424696
[116,] -0.1666392091  0.086717214  0.303317807
[117,] -0.1055892477  0.409597079  0.403883685
[118,] -0.2675110018  0.368461698  0.541139161
[119,]  0.1126294906  0.110612647  0.315340435
[120,] -0.1815995518  0.083294687  0.341483990
[121,]  0.1620296967  0.950069023  0.222866247
[122,] -0.0801489948  0.327240909  0.397199432
[123,] -0.1266437280  0.493212451  0.545022573
[124,]  0.1099234772  0.182532968  0.358757869
[125,] -0.1034263749  0.470040042  0.548321813
[126,] -0.1220269976  0.351954225  0.249452235
[127,] -0.0382819535  0.310850612  0.642104115
[128,]  0.0220702481  0.391410445  0.367869101
[129,] -0.0796840198  0.558437527  0.351709688
[130,] -0.0544905738  0.359289608  0.165806929
[131,] -0.0609172482  0.401805013  0.357210528
[132,] -0.0414431285  0.335706322  0.240890022
[133,]  0.1598617081  0.430257028  0.431145002
[134,]  0.1081997090  0.304169731  0.280219992
[135,] -0.1276688292  0.632502072  0.447537212
[136,] -0.0290565089  0.306275666  0.349661625
[137,] -0.1826601082  0.317892240  0.404124191
[138,]  0.0410533312  0.226340390  0.129850909
[139,]  0.0021542681  0.443317643  0.290843893
[140,]  0.0027081777  0.242516982  0.350893663
[141,]  0.2370936548  0.508710933  0.481840301
[142,]  0.0687065442  0.034776366  0.436792406
[143,]  0.0048541939  0.518750183  0.233525675
[144,]  0.0195350821  0.222557773  0.414378433
[145,]  0.0983408236  0.116929684  0.281412946
[146,]  0.1544343474  0.420466754  0.351469263
[147,]  0.0046187450  0.502322242  0.417133829
[148,]  0.0869283182  0.284562707  0.760845890
[149,] -0.1086292915  0.607827630  0.013204002
[150,]  0.0490772530  0.402778528  0.196415820
[151,]  0.0175535421  0.227704030  0.234145974
[152,] -0.0240507304  0.203262584  0.407259874
[153,]  0.0248058524  0.452440378  0.330118565
[154,]  0.1204570259  0.380381839  0.526895480
[155,] -0.0947883448  0.426004311  0.172939160
[156,]  0.1837704740 -0.118726612  0.334122775
[157,]  0.0605759029  0.392374526  0.517446953
[158,] -0.1349843237  0.527106456  0.417708781
[159,] -0.0494317606 -0.003895356  0.302333027
[160,] -0.1908206044  0.314255132  0.181017323
[161,]  0.0098520518  0.399928313  0.187318378
[162,]  0.1828924633  0.420342697  0.420993632
[163,]  0.2219065791  0.485839697  0.447441806
[164,]  0.0249783299  0.542517343  0.362217511
[165,] -0.1786582746  0.458274061  0.686930148
[166,]  0.0276422141  0.580478678  0.481938101
[167,]  0.0428416557  0.441816915  0.532787589
[168,]  0.0003788501  0.519619611  0.383720025
[169,]  0.0555914656  0.481493333  0.455558285
[170,] -0.0716331124  0.437349526  0.467959134
[171,] -0.2949817708  0.295930908  0.511541533
[172,]  0.0986723646  0.194835573  0.316893199
[173,]  0.0550420503  0.493910057  0.206858369
[174,]  0.1873993863  0.460364748  0.468099019
[175,] -0.0559704515  0.304455465  0.214467542
[176,] -0.0619245383  0.283076946  0.198355758
[177,] -0.1869874753  0.809920503  0.431581539
[178,]  0.1717029493  0.272664578  0.523279265
[179,] -0.0868320063  0.443609533  0.308295539
[180,]  0.0255974255  0.158537451  0.300521399
[181,]  0.3547397265  0.282983081  0.536293664
[182,]  0.0935275430  0.118073578  0.286790691
[183,]  0.0547887703  0.315525077  0.342594464
[184,] -0.0281841322  0.379674297  0.734932250
[185,] -0.1217281149 -0.039225602  0.229430355
[186,]  0.1300534173  0.384896438  0.251768356
[187,] -0.0645995425  0.256709632  0.325073249
[188,] -0.0732163481  0.198076239  0.674681828
[189,]  0.1799787601  0.403550123  0.519244063
[190,]  0.3701963093  0.211039180  0.445318411
[191,]  0.0268933205  0.305170858  0.433933940
[192,]  0.0772840707  0.385883313  0.253138519
[193,] -0.0448689659 -0.052563508  0.206617569
[194,] -0.0338869006  0.206235219  0.132015229
[195,]  0.0510671018  0.330175429  0.176772772
[196,]  0.0279770783  0.459506766  0.358671296
[197,]  0.1039683695  0.246006024  0.322997813
[198,]  0.0993850435  0.364636635  0.302665257
[199,] -0.0173162388  0.471598630  0.156489934
[200,]  0.0101505396  0.472663728  0.392974820
[201,]  0.0681521312  0.424856376  0.328250446
[202,] -0.0364991667  0.304874736  0.579949642
[203,] -0.2190862571  0.298355361  0.229750053
[204,] -0.1392143923  0.317711363  0.378951396
[205,]  0.1493883430  0.222635791  0.353477219
[206,]  0.2301612484  0.157984928  0.217192474
[207,]  0.2331844304  0.112875132  0.193112656
[208,]  0.0014361086  0.435774395  0.326550321
[209,]  0.0146247946  0.418136887  0.547944113
[210,]  0.0207502763  0.380504473  0.163991685
[211,]  0.1503305056  0.113545454  0.427085633
[212,]  0.1547834710  0.586971338  0.399671201
[213,] -0.0762518339  0.370393125  0.506272053
[214,]  0.1801954619  0.374431709  0.386964764
[215,]  0.0400952450  0.340215875  0.263719239
[216,]  0.0939936124  0.627307220  0.319483742
[217,] -0.0756014821  0.387098772  0.364985399
[218,]  0.1829345512  0.425587382  0.165787049
[219,]  0.0034621970  0.372222753  0.202566786
[220,]  0.0402938903  0.688159154  0.392809671
[221,] -0.1101530011  0.354055358  0.289321871
[222,] -0.1967378513  0.251564416  0.280955227
[223,] -0.0350537169  0.291012821  0.489571146
[224,] -0.0356235862  0.156008170  0.476157764
[225,] -0.2165558174  0.639556722  0.477351074
[226,]  0.1700473603 -0.285383520  0.495676281
[227,]  0.0551533551  0.403563381  0.271380993
[228,]  0.1069269911  0.338570264  0.601550307
[229,] -0.0182320851  0.071727815  0.326036207
[230,]  0.0611404206  0.186815783  0.460086410
[231,]  0.0701204821  0.631817975  0.293372181
[232,] -0.0532478144  0.341657854  0.395251114
[233,]  0.2445182840  0.381847539  0.464799400
[234,]  0.1215596816  0.407116174  0.337050219
[235,]  0.0969951533  0.359401536  0.335523597
[236,] -0.1241414043  0.279100679  0.559200607
[237,] -0.1054934236  0.057760568  0.153260713
[238,] -0.0315328991  0.448472695  0.387747541
[239,] -0.0101027802  0.062839923  0.193941916
[240,] -0.0704547109  0.429138708  0.316773854
[241,] -0.0004665935  0.680514704  0.461281070
[242,] -0.0635650980  0.293999808  0.383490537
[243,] -0.1948656289  0.336579346  0.474240597
[244,] -0.1965483267  0.317687519  0.402374399
[245,]  0.1842646035  0.345623761  0.258161335
[246,]  0.0906139972  0.434433817  0.496367264
[247,]  0.0890068419  0.196132775  0.269065881
[248,] -0.1983981760  0.338152679  0.003145406
[249,]  0.0122185120  0.313832086  0.409194092
[250,]  0.1452428725  0.516338072  0.207525759
[251,]  0.1893903489  0.364302067  0.465727394
[252,] -0.0555295633  0.301856495  0.621329045
[253,]  0.0841916605  0.332756658  0.588670661
[254,] -0.0092778425  0.569278668  0.218382928
[255,]  0.0997621908  0.474292330  0.365468752
[256,]  0.0697168169  0.414679952  0.427577965
[257,] -0.1262884342 -0.008929706  0.269804069
[258,] -0.0822234552  0.555006202  0.391290548
[259,] -0.0311980286  0.321580573  0.575408502
[260,]  0.0675460653  0.304005459  0.175821119
[261,] -0.0051424768  0.299159554  0.370240665
[262,]  0.0979719321  0.352191904  0.193170185
[263,] -0.0884224969  0.258081179  0.397689163
[264,]  0.1296998155  0.474158586  0.222897994
[265,]  0.0642604191  0.446748389  0.430563307
[266,] -0.0199563619  0.362599739  0.453801681
[267,] -0.0504342876  0.166421458  0.280118867
[268,]  0.1636316043  0.224037908  0.140032257
[269,]  0.0201249112  0.545183627  0.490876132
[270,]  0.1618308208  0.459198980  0.276402947
[271,] -0.0026854264  0.192704970  0.382551787
[272,]  0.0596459260  0.329767184  0.435194201
[273,] -0.1347307749  0.595959733  0.059553301
[274,]  0.1472983906  0.233094800  0.628595301
[275,] -0.0037479480  0.373833331  0.431294512
[276,] -0.1411415049  0.353932613  0.402130975
[277,] -0.0325275636  0.475326859  0.474650714
[278,]  0.0752857609  0.146594756  0.131629628
[279,]  0.0250105771  0.296019650  0.238812310
[280,] -0.1232167972  0.237869259  0.451709755
[281,]  0.0022150802  0.341031301  0.313252421
[282,] -0.1109406429  0.202058423  0.156869629
[283,]  0.1384560641  0.429889330  0.386783570
[284,]  0.1849444636  0.317240029  0.332033116
[285,] -0.0253106868  0.428996571  0.298063820
[286,] -0.1139965240  0.462992584  0.541030539
[287,]  0.0400574566  0.428004859  0.525466262
[288,]  0.0047710532  0.269690619  0.272549051
[289,]  0.2811347668  0.407223538  0.270402026
[290,] -0.0311879220  0.211905110  0.331909249
[291,]  0.0396300606  0.373207726  0.392303305
[292,]  0.0602321420  0.440764564  0.347021949
[293,]  0.1109500090  0.320823178  0.449864143
[294,] -0.0819100340  0.298840423  0.515142114
[295,]  0.1389186439  0.340026271  0.368097851
[296,] -0.0792539561  0.283004330  0.400866080
[297,] -0.0561910333  0.295810500  0.040155726
[298,] -0.1326069233  0.504858456  0.552642181
[299,] -0.1214151903  0.392146517  0.207986328
[300,]  0.1075146788  0.491027817  0.191072396
[301,]  0.0651813074  0.279125479  0.504933715
[302,]  0.0704040473  0.407629748  0.404249957
[303,]  0.1152960982  0.406223753  0.485551492
[304,] -0.0010181266  0.517538714  0.514515075
[305,]  0.1027911023  0.387600217  0.349535143
[306,] -0.1025741339  0.202445097  0.400399484
[307,]  0.0572872341  0.559940420  0.122908993
[308,]  0.0326777881  0.396303967  0.229393705
[309,] -0.0391998204  0.285036593  0.331947951
[310,] -0.1152898838  0.294287048  0.237443522
[311,]  0.1198977328  0.455607929  0.577302890
[312,]  0.0004026996  0.146720819  0.457290241
[313,] -0.0980720588  0.328981413  0.207761901
[314,] -0.0118680607  0.315430754  0.479897101
[315,] -0.1212910891  0.215098737  0.380752021
[316,] -0.0893968371  0.418895305  0.417643585
[317,]  0.0960892828  0.413671500  0.507854913
[318,]  0.2262576565  0.462552745  0.621175303
[319,] -0.2263015324  0.231914845  0.401153784
[320,]  0.0376629430  0.061669532  0.432697328
[321,] -0.3124012089  0.438741919  0.626830361
[322,]  0.0189095764  0.530525401  0.552552376
[323,]  0.0649227665  0.311042790  0.392444014
[324,] -0.0594524262  0.285709434  0.353799954
[325,] -0.0090220012  0.446279850  0.286895968
[326,] -0.1140950182  0.307755804  0.191558603
[327,] -0.0672304842  0.487624440  0.442389878
[328,]  0.2442759429  0.450765340  0.426244151
[329,]  0.0828916368  0.299238662  0.407548056
[330,] -0.0769855795  0.462014673  0.290287283
[331,]  0.1018135576  0.387322970  0.368607701
[332,]  0.1700973426  0.411651807  0.305302919
[333,]  0.0422925915  0.686110805  0.332895680
[334,] -0.0382372877  0.435291693  0.208430097
[335,]  0.1526411759  0.391704765  0.312378024
[336,]  0.0953867362  0.583560815  0.450331719
[337,] -0.0493032431  0.238868916  0.341305400
[338,]  0.0182721179  0.643636677  0.361220173
[339,] -0.0471927970  0.497876959  0.242695174
[340,]  0.1222228096  0.458184971  0.494773821
[341,]  0.1221945912  0.387059736  0.303211549
[342,]  0.2072219387  0.323001418  0.365121272
[343,] -0.0944365740  0.670901627  0.748819553
[344,] -0.1117916008  0.392868421  0.509163695
[345,]  0.0308145603  0.424687856  0.244080035
[346,] -0.0183662157  0.339418351  0.320847575
[347,]  0.0074492404  0.468429381  0.387724311
[348,] -0.1003397650  0.481542094  0.347187893
[349,]  0.1645580237  0.375822370  0.368907607
[350,] -0.0666289177  0.508925348  0.224767625
[351,]  0.0908797532  0.476365089  0.383443992
[352,]  0.0088037790  0.281338462  0.597748606
[353,]  0.1016274319  0.332155674  0.437578586
[354,] -0.0523228014  0.524844369  0.361219460
[355,]  0.0702013208  0.481151289  0.203059201
[356,] -0.0494289666  0.268781932  0.266371585
[357,]  0.1823180363  0.344577382  0.362669056
[358,] -0.1368291632  0.209429225  0.477324471
[359,]  0.1829229411  0.497194812  0.519407168
[360,] -0.0417977944  0.541259037  0.215256560
[361,]  0.0661473741  0.390693728  0.495822594
[362,]  0.2390517588  0.264676857  0.504432538
[363,] -0.1202764676 -0.049667370  0.329184130
[364,]  0.2064757063  0.103325764  0.352242729
[365,]  0.0583122044  0.295855650  0.135029294
[366,]  0.0159653771  0.505477948  0.297734781
[367,] -0.0380527702  0.312531299  0.332581811
[368,] -0.0947127194  0.584211466  0.398347060
[369,]  0.0703836728  0.209551183  0.312114961
[370,]  0.0106485619  0.122790775  0.473013885
[371,] -0.1100353180  0.561070386  0.280928945
[372,]  0.0252798246  0.617958793  0.575978818
[373,]  0.0338198899  0.651676534  0.385919353
[374,]  0.0046315966  0.391637136  0.372761644
[375,]  0.1320721876  0.348450367  0.596649649
[376,]  0.0403938300  0.387482849  0.597524181
[377,] -0.1760940654  0.556018336  0.620307783
[378,] -0.0547709215  0.363379056  0.333475533
[379,]  0.0959117474  0.359260751  0.528084302
[380,]  0.1818005770  0.389229429  0.489217318
[381,]  0.2099652655  0.284614583  0.525214142
[382,]  0.1847241803  0.573736374  0.443220534
[383,]  0.1237392188  0.419326957  0.369864458
[384,]  0.0774113104  0.445035395  0.317504506
[385,]  0.0449120250  0.290968067  0.586927179
[386,] -0.0246621393  0.413682931  0.521418085
[387,]  0.0909346946  0.410964788  0.344452267
[388,] -0.1402603814  0.378537547  0.311032191
[389,]  0.0222414136  0.450725980  0.342129026
[390,]  0.0481689972  0.070798185  0.420403857
[391,]  0.1043787791  0.274720309  0.348704505
[392,]  0.0818811554  0.745779438  0.427730895
[393,]  0.0267321301  0.644360527  0.295008492
[394,] -0.0903755636  0.312188553  0.640996326
[395,] -0.1180527122  0.564701529  0.177561739
[396,]  0.0228166818  0.238143107  0.232832624
[397,]  0.3281972978  0.156901195  0.269668183
[398,] -0.2175824555  0.320687004  0.565993065
[399,]  0.0867919829  0.488362970  0.384261755
[400,]  0.0723131808  0.218436909  0.476671997
[401,] -0.0180234189  0.350254445  0.542020462
[402,] -0.1442808650  0.485541616  0.327531559
[403,]  0.1280754846  0.072161605  0.462612089
[404,]  0.0833316889  0.633419723  0.426231327
[405,]  0.0038672164  0.520356147  0.362276766
[406,] -0.2723293202  0.495632467  0.562209460
[407,]  0.0786508571  0.219355220  0.279075228
[408,]  0.0777927901  0.230314706  0.225866447
[409,]  0.0134554996  0.446249616  0.506685955
[410,] -0.1831098152  0.358956487  0.586826466
[411,]  0.0850016449  0.419886886  0.322804801
[412,]  0.1600405731  0.411930256  0.506450098
[413,] -0.1457064075  0.177925271  0.364288026
[414,]  0.0670161477  0.327250027  0.451279853
[415,] -0.0323567322  0.328813270  0.370593165
[416,]  0.0511051844  0.159668700  0.299918463
[417,] -0.0604512494  0.408419996  0.417393238
[418,]  0.0939986391  0.466539150  0.348544238
[419,]  0.0449499073  0.242894380  0.375654302
[420,]  0.0048445620  0.480041676  0.507392944
[421,]  0.0245834056  0.198381012  0.347139855
[422,] -0.0314564056  0.379881791  0.363817009
[423,] -0.1668198101  0.100252870  0.556268243
[424,]  0.0450358582  0.168875809  0.238125881
[425,] -0.0358457266  0.413453678  0.365750523
[426,]  0.0986656424  0.378748580  0.482856397
[427,] -0.0859689577  0.219109894  0.343071468
[428,] -0.0467825053  0.429894690  0.323560441
[429,]  0.0332541724  0.312390483  0.385320685
[430,]  0.0487693852  0.243388003  0.254848055
[431,]  0.1411658389  0.395287626  0.260070753
[432,] -0.1950486177  0.166703500  0.394005706
[433,]  0.0522073415  0.587159725  0.291046822
[434,] -0.0658947122  0.314203802  0.271262756
[435,]  0.1620622698  0.339571402  0.476653521
[436,]  0.1407416987  0.508174848  0.249571941
[437,] -0.2248768163  0.284703794  0.373316205
[438,]  0.0287631380  0.210594829  0.086979919
[439,]  0.1501763638  0.332847263  0.320886742
[440,] -0.0662187792  0.304769405  0.342163933
[441,] -0.0549898388  0.464016426  0.384123996
[442,]  0.2061130618  0.456833197  0.345029128
[443,] -0.0659755330  0.327848704  0.307822747
[444,]  0.1838696434  0.330944716  0.363338212
[445,] -0.0083711149  0.247274010  0.258888547
[446,]  0.0218085529  0.609650223  0.225664277
[447,]  0.0632152147  0.227228778  0.175266034
[448,] -0.1791082030  0.512536722  0.591912720
[449,] -0.0020050176  0.311676885  0.149379099
[450,] -0.0975721002  0.367314064  0.583863581
[451,] -0.0437472297  0.249297458  0.429289407
[452,] -0.1300673763  0.293375330  0.149834210
[453,] -0.0385135737  0.211557816  0.244834874
[454,] -0.1668114188  0.479166620  0.347444923
[455,] -0.0209583060  0.243722239  0.376926217
[456,]  0.1703633695  0.344911941  0.598863731
[457,] -0.0356786441  0.627313410  0.508977544
[458,]  0.1056977786  0.230075747  0.589108367
[459,] -0.0447359326  0.278393778  0.119947020
[460,] -0.2240054862  0.283158145  0.343138489
[461,] -0.0657686153  0.296845316  0.312167422
[462,]  0.0668828290  0.444617227  0.162965123
[463,] -0.0195731639  0.260438695  0.302834624
[464,]  0.0967735638  0.330259100  0.597080305
[465,]  0.1302338323  0.544327419  0.359929276
[466,] -0.1718155617  0.438518211  0.312129000
[467,]  0.0495709834  0.242051242  0.342655816
[468,]  0.0483098315  0.396305355  0.199191135
[469,] -0.0091348310  0.166976358 -0.020181376
[470,] -0.0660497018  0.437719658  0.352756350
[471,]  0.1383738846  0.551021346  0.059770167
[472,] -0.1296250043  0.607660158  0.373760854
[473,] -0.1710087303  0.412800757  0.387610122
[474,]  0.1238727399  0.485366320  0.112232970
[475,] -0.1118784598  0.445725987  0.286244235
[476,]  0.1758372440  0.223525027  0.027968138
[477,] -0.0115693470  0.691843568  0.575451751
[478,] -0.0926497875  0.298538006  0.304248100
[479,]  0.0176092485  0.481192567  0.259689854
[480,] -0.0840842335  0.436145684  0.466895213
[481,] -0.0075028103  0.424535567  0.463538162
[482,]  0.0223122280  0.284601888  0.604287439
[483,] -0.3213517792  0.280335961  0.773694597
[484,]  0.0075538946  0.308365269  0.478522430
[485,]  0.2565478833  0.345878562  0.208372298
[486,] -0.1113370109  0.293213440  0.463380171
[487,]  0.0135192676  0.402756625  0.269024468
[488,]  0.1761580614  0.387114498  0.439733044
[489,]  0.1366284112  0.582691671  0.293075035
[490,]  0.1083138410  0.330983391  0.418931864
[491,]  0.1394453090  0.136344817  0.685995454
[492,] -0.0974883243  0.401424383  0.399891632
[493,] -0.0792203861  0.327983643  0.455994513
[494,] -0.2387642529  0.513668901  0.281566662
[495,]  0.0844438000  0.555964761  0.400979678
[496,]  0.0305002871  0.216092091  0.282780629
[497,] -0.1023821422  0.632905471  0.321167930
[498,] -0.0492350628  0.379031373  0.505042758
[499,]  0.0196194226  0.367011700  0.374128739
[500,]  0.0222908638  0.435609520  0.384717181

