$RE_RF
[1] 2.870832

$RE_CXls
[1] 2.938745

$RF_2_imput
                 [,1]
Q1_bias   -0.42645242
mean_bias -0.02075159
Q3_bias    0.39128920
MSE        1.07132254

$CXls_imput
                   [,1]
Q1_bias   -0.2789163215
mean_bias  0.0002068194
Q3_bias    0.3028287205
MSE        0.6998235830

$bias_sd_OLS
                   beta.t         bias       Esd       Asd    CP
(Intercept) -0.0008994697 -0.008331583 0.2055510 0.2051691 0.942
X1           0.4056181052  0.001675205 0.3522520 0.3378311 0.954
X2           0.8107718960  0.001679957 0.4230177 0.3903434 0.938

$bias_sd_RF
                   beta.t        bias        sd
(Intercept) -0.0008994697 -0.02023438 0.1316321
X1           0.4056181052 -0.09896099 0.1537316
X2           0.8107718960 -0.20572937 0.1634130

$bias_sd_CXls
                   beta.t         bias       Esd    Asd_IF    CP  RE_beta
(Intercept) -0.0008994697  0.000885577 0.1228444 0.1320190 0.954 1.062664
X1           0.4056181052 -0.002400190 0.2129601 0.1931631 0.942 1.356104
X2           0.8107718960 -0.010385106 0.2386617 0.2120081 0.908 3.135707

$pcd_OLS
[1] 0.8662571 0.1233250

$VF_OLS
[1] 0.22342357 0.06409055

$pcd_RF
[1] 0.91415818 0.05352559

$VF_RF
[1] 0.240555584 0.004936388

$pcd_CXls
[1] 0.92869055 0.05007681

$VF_Cxls
[1] 0.240674203 0.006114109

$VF_0
  mean_V0     sd_V0 
0.2419274 1.9912393 

$VF_B0
 mean_VB0    sd_VB0 
0.2419274 1.9912393 

$PCD_vals_RF
  [1] 0.9727273 0.9363636 0.9354545 0.9383636 0.9721818 0.8803636 0.9385455
  [8] 0.9518182 0.9336364 0.9587273 0.9350909 0.9309091 0.9440000 0.9398182
 [15] 0.8345455 0.9458182 0.9370909 0.9176364 0.9085455 0.9794545 0.9296364
 [22] 0.8650909 0.8694545 0.9725455 0.9718182 0.9245455 0.8420000 0.9423636
 [29] 0.9567273 0.8125455 0.9380000 0.8681818 0.8907273 0.9274545 0.9338182
 [36] 0.9394545 0.9780000 0.9740000 0.9714545 0.9418182 0.9094545 0.8161818
 [43] 0.9476364 0.9467273 0.9192727 0.8407273 0.8932727 0.9380000 0.9130909
 [50] 0.8981818 0.8723636 0.9341818 0.9372727 0.8905455 0.9100000 0.9763636
 [57] 0.9223636 0.9503636 0.9063636 0.9470909 0.8441818 0.8818182 0.9290909
 [64] 0.9490909 0.9429091 0.9252727 0.8310909 0.8730909 0.9809091 0.7109091
 [71] 0.9094545 0.9103636 0.9169091 0.9474545 0.9014545 0.8394545 0.8927273
 [78] 0.9369091 0.9909091 0.9258182 0.8287273 0.8941818 0.8907273 0.9692727
 [85] 0.8469091 0.9181818 0.9812727 0.8420000 0.9010909 0.8732727 0.9314545
 [92] 0.8949091 0.9258182 0.9372727 0.8840000 0.9138182 0.8820000 0.9361818
 [99] 0.9796364 0.9307273 0.9321818 0.9069091 0.8154545 0.8505455 0.9483636
[106] 0.8549091 0.9041818 0.9107273 0.8758182 0.8380000 0.9369091 0.9256364
[113] 0.8787273 0.9660000 0.9747273 0.8789091 0.8750909 0.9772727 0.8849091
[120] 0.9010909 0.9747273 0.9561818 0.8005455 0.8643636 0.9969091 0.8794545
[127] 0.8770909 0.8823636 0.9607273 0.8932727 0.8609091 0.8847273 0.9741818
[134] 0.7432727 0.9652727 0.6649091 0.9098182 0.9196364 0.9227273 0.9447273
[141] 0.9243636 0.9223636 0.8780000 0.9249091 0.9343636 0.8909091 0.8676364
[148] 0.8920000 0.9260000 0.9100000 0.8778182 0.8920000 0.8225455 0.9180000
[155] 0.9014545 0.9290909 0.8196364 0.8541818 0.8850909 0.9438182 0.8360000
[162] 0.8856364 0.9421818 0.9672727 0.9549091 0.9041818 0.9549091 0.9063636
[169] 0.8869091 0.9314545 0.9289091 0.9329091 0.9498182 0.8814545 0.9009091
[176] 0.9078182 0.8838182 0.9596364 0.8690909 0.9236364 0.7878182 0.9350909
[183] 0.9545455 0.8341818 0.9105455 0.8720000 0.8954545 0.9210909 0.9505455
[190] 0.9440000 0.9754545 0.9390909 0.8963636 0.9078182 0.9927273 0.9640000
[197] 0.8392727 0.9345455 0.8825455 0.9845455 0.9194545 0.9214545 0.8401818
[204] 0.9369091 0.9205455 0.9098182 0.9407273 0.9605455 0.9494545 0.9236364
[211] 0.9467273 0.9681818 0.8576364 0.9350909 0.9287273 0.9574545 0.9358182
[218] 0.9878182 0.9661818 0.9520000 0.9149091 0.9612727 0.8987273 0.9005455
[225] 0.9750909 0.8910909 0.9660000 0.8678182 0.9169091 0.9769091 0.9381818
[232] 0.9829091 0.8760000 0.8647273 0.7776364 0.9330909 0.8710909 0.8800000
[239] 0.9865455 0.8812727 0.9470909 0.8010909 0.9447273 0.9545455 0.8885455
[246] 0.9181818 0.9541818 0.9120000 0.9752727 0.8827273 0.9183636 0.8909091
[253] 0.7078182 0.9345455 0.9367273 0.9167273 0.8923636 0.8843636 0.8778182
[260] 0.9303636 0.9385455 0.8934545 0.8747273 0.8427273 0.9763636 0.7118182
[267] 0.9932727 0.9578182 0.9092727 0.8843636 0.9261818 0.8583636 0.9680000
[274] 0.9640000 0.9478182 0.9274545 0.8758182 0.9434545 0.6998182 0.9954545
[281] 0.9725455 0.9503636 0.9403636 0.9694545 0.8823636 0.9281818 0.9514545
[288] 0.9654545 0.9874545 0.9623636 0.7963636 0.8990909 0.8790909 0.8341818
[295] 0.9696364 0.9078182 0.9643636 0.8801818 0.7647273 0.9258182 0.9450909
[302] 0.9003636 0.9201818 0.9367273 0.9481818 0.9189091 0.8505455 0.9240000
[309] 0.8258182 0.9549091 0.9240000 0.9427273 0.9090909 0.7818182 0.9214545
[316] 0.9541818 0.9489091 0.9534545 0.9016364 0.9005455 0.9712727 0.8918182
[323] 0.9329091 0.8896364 0.9029091 0.8834545 0.9040000 0.9183636 0.8876364
[330] 0.9632727 0.7572727 0.9543636 0.9952727 0.9276364 0.8241818 0.9289091
[337] 0.9500000 0.8892727 0.7741818 0.9474545 0.8943636 0.9874545 0.9585455
[344] 0.9389091 0.9487273 0.8320000 0.9052727 0.9043636 0.9347273 0.9847273
[351] 0.9720000 0.9334545 0.8880000 0.9650909 0.9012727 0.8400000 0.9761818
[358] 0.9543636 0.8478182 0.9800000 0.9589091 0.9289091 0.9196364 0.8985455
[365] 0.8749091 0.9127273 0.9621818 0.9449091 0.9121818 0.8501818 0.8458182
[372] 0.9554545 0.9623636 0.8829091 0.9247273 0.9765455 0.9496364 0.9496364
[379] 0.9732727 0.9749091 0.9078182 0.9572727 0.9569091 0.9040000 0.8069091
[386] 0.9000000 0.9727273 0.8190909 0.9509091 0.9465455 0.7396364 0.9356364
[393] 0.9849091 0.8940000 0.8872727 0.9705455 0.9081818 0.9800000 0.9192727
[400] 0.8412727 0.9643636 0.9136364 0.9752727 0.9410909 0.9023636 0.9503636
[407] 0.9263636 0.9250909 0.8476364 0.9189091 0.9080000 0.9370909 0.9000000
[414] 0.9583636 0.9540000 0.9565455 0.8296364 0.9723636 0.9220000 0.9474545
[421] 0.8885455 0.9100000 0.9550909 0.9565455 0.8385455 0.9750909 0.8781818
[428] 0.9458182 0.6872727 0.9758182 0.9445455 0.8521818 0.9720000 0.9265455
[435] 0.9434545 0.9305455 0.9594545 0.9520000 0.8870909 0.9521818 0.9309091
[442] 0.9118182 0.9080000 0.9894545 0.9289091 0.8909091 0.8116364 0.9250909
[449] 0.9185455 0.9329091 0.9014545 0.8785455 0.9540000 0.9210909 0.9516364
[456] 0.9920000 0.9630909 0.9738182 0.9147273 0.9141818 0.8969091 0.8941818
[463] 0.9020000 0.8441818 0.9892727 0.9550909 0.9509091 0.9763636 0.6818182
[470] 0.8741818 0.9036364 0.9867273 0.9276364 0.9776364 0.9218182 0.8709091
[477] 0.8594545 0.9590909 0.9516364 0.9530909 0.9276364 0.9623636 0.8440000
[484] 0.9449091 0.9492727 0.8676364 0.9287273 0.9107273 0.9458182 0.7640000
[491] 0.9129091 0.8905455 0.9585455 0.9754545 0.9134545 0.9845455 0.8372727
[498] 0.9274545 0.8872727 0.9561818

$PCD_vals_CXLS
  [1] 0.8952727 0.8880000 0.8892727 0.9710909 0.9810909 0.8812727 0.9983636
  [8] 0.8474545 0.9474545 0.9783636 0.8707273 0.9307273 0.9656364 0.9125455
 [15] 0.8778182 0.8109091 0.9096364 0.9590909 0.9267273 0.9552727 0.9430909
 [22] 0.9443636 0.9234545 0.9256364 0.9716364 0.9252727 0.7767273 0.9865455
 [29] 0.9549091 0.8527273 0.9034545 0.8940000 0.8276364 0.8941818 0.9063636
 [36] 0.9325455 0.9500000 0.9407273 0.9661818 0.9852727 0.9370909 0.7558182
 [43] 0.9514545 0.9494545 0.9100000 0.8765455 0.9365455 0.9800000 0.9740000
 [50] 0.9947273 0.9318182 0.9729091 0.9934545 0.8987273 0.9463636 0.9736364
 [57] 0.9232727 0.9594545 0.9829091 0.9758182 0.9856364 0.9723636 0.9385455
 [64] 0.8605455 0.9943636 0.9294545 0.9416364 0.8945455 0.9050909 0.9785455
 [71] 0.9181818 0.9194545 0.9529091 0.9076364 0.9441818 0.9463636 0.9310909
 [78] 0.9554545 0.9541818 0.9714545 0.9270909 0.9445455 0.9370909 0.9705455
 [85] 0.9036364 0.9678182 0.9483636 0.8992727 0.9443636 0.8765455 0.9263636
 [92] 0.9485455 0.9792727 0.8807273 0.9232727 0.9714545 0.8838182 0.9370909
 [99] 0.9325455 0.9652727 0.9201818 0.9085455 0.9072727 0.9930909 0.9287273
[106] 0.9163636 0.9220000 0.9500000 0.9307273 0.9180000 0.9592727 0.9258182
[113] 0.8278182 0.9760000 0.9701818 0.7258182 0.9680000 0.9607273 0.9663636
[120] 0.8976364 0.9181818 0.9567273 0.9725455 0.8830909 0.9460000 0.9543636
[127] 0.8752727 0.8614545 0.9549091 0.8718182 0.8120000 0.8903636 0.9607273
[134] 0.7545455 0.9532727 0.7596364 0.9498182 0.9381818 0.9130909 0.8703636
[141] 0.9238182 0.9776364 0.9441818 0.9469091 0.9810909 0.9045455 0.9052727
[148] 0.9636364 0.9481818 0.9716364 0.9156364 0.9403636 0.9094545 0.9507273
[155] 0.9158182 0.9896364 0.8843636 0.8492727 0.9214545 0.9809091 0.9241818
[162] 0.9449091 0.9572727 0.9516364 0.9476364 0.9856364 0.9840000 0.8363636
[169] 0.9689091 0.8303636 0.9501818 0.9405455 0.9252727 0.9192727 0.9623636
[176] 0.9061818 0.9601818 0.9767273 0.9325455 0.9627273 0.9789091 0.9189091
[183] 0.9109091 0.8494545 0.9070909 0.9081818 0.9434545 0.9372727 0.9841818
[190] 0.9649091 0.9547273 0.9832727 0.9505455 0.9636364 0.9880000 0.9740000
[197] 0.8592727 0.9241818 0.9370909 0.9883636 0.9260000 0.9929091 0.9189091
[204] 0.9872727 0.9587273 0.9260000 0.9809091 0.9265455 0.8812727 0.9483636
[211] 0.9183636 0.9203636 0.7420000 0.9563636 0.9070909 0.9847273 0.9376364
[218] 0.9676364 0.9390909 0.9158182 0.9772727 0.9656364 0.9281818 0.8803636
[225] 0.9463636 0.9134545 0.9683636 0.9360000 0.9687273 0.9316364 0.9300000
[232] 0.9129091 0.8932727 0.9718182 0.8414545 0.9900000 0.8950909 0.8641818
[239] 0.8700000 0.9670909 0.9230909 0.8825455 0.9574545 0.9174545 0.9527273
[246] 0.8452727 0.9905455 0.8607273 0.9441818 0.9772727 0.9847273 0.9154545
[253] 0.6372727 0.9214545 0.9549091 0.9485455 0.9143636 0.9900000 0.9067273
[260] 0.9747273 0.9710909 0.9552727 0.9560000 0.9309091 0.9378182 0.7710909
[267] 0.9645455 0.9298182 0.9349091 0.9658182 0.8927273 0.8987273 0.9489091
[274] 0.9485455 0.9945455 0.9834545 0.9256364 0.9481818 0.7803636 0.9320000
[281] 0.9380000 0.8809091 0.9541818 0.9583636 0.9523636 0.9874545 0.9329091
[288] 0.9823636 0.9800000 0.9858182 0.8847273 0.9085455 0.9427273 0.8781818
[295] 0.9452727 0.9583636 0.9758182 0.9514545 0.8498182 0.9603636 0.9616364
[302] 0.9490909 0.9701818 0.9503636 0.9756364 0.9467273 0.7683636 0.9729091
[309] 0.8756364 0.9612727 0.9058182 0.9465455 0.9607273 0.8227273 0.9212727
[316] 0.9301818 0.9483636 0.9243636 0.9503636 0.8523636 0.9307273 0.8834545
[323] 0.9503636 0.9503636 0.9427273 0.9363636 0.9320000 0.9501818 0.9232727
[330] 0.9292727 0.8447273 0.9370909 0.9198182 0.9550909 0.9143636 0.9549091
[337] 0.9336364 0.9381818 0.8278182 0.9323636 0.9281818 0.9710909 0.9107273
[344] 0.9234545 0.9374545 0.9256364 0.9403636 0.9354545 0.9450909 0.9705455
[351] 0.9647273 0.9072727 0.9754545 0.9540000 0.9365455 0.9058182 0.9269091
[358] 0.8314545 0.9278182 0.9865455 0.9329091 0.9594545 0.9745455 0.9318182
[365] 0.9245455 0.9441818 0.9721818 0.9349091 0.9712727 0.8269091 0.8992727
[372] 0.9776364 0.9898182 0.8956364 0.8849091 0.9547273 0.9645455 0.9429091
[379] 0.9374545 0.9683636 0.9178182 0.9763636 0.9530909 0.9690909 0.9372727
[386] 0.8340000 0.9787273 0.9212727 0.9023636 0.9752727 0.8287273 0.8863636
[393] 0.9507273 0.9472727 0.9343636 0.9512727 0.9569091 0.9780000 0.9623636
[400] 0.9201818 0.9500000 0.9327273 0.9656364 0.9314545 0.9125455 0.9221818
[407] 0.9734545 0.9514545 0.9094545 0.9270909 0.9161818 0.9569091 0.8143636
[414] 0.9474545 0.9849091 0.9810909 0.7750909 0.9120000 0.9761818 0.9589091
[421] 0.9152727 0.8936364 0.9441818 0.9114545 0.8543636 0.9461818 0.8856364
[428] 0.9521818 0.8747273 0.9289091 0.9401818 0.9280000 0.9409091 0.8892727
[435] 0.9821818 0.9263636 0.8987273 0.9861818 0.9109091 0.9316364 0.8852727
[442] 0.9621818 0.9138182 0.7540000 0.9210909 0.9656364 0.9101818 0.9396364
[449] 0.8903636 0.9852727 0.9323636 0.9132727 0.9494545 0.9212727 0.9665455
[456] 0.9287273 0.9681818 0.9392727 0.9121818 0.9343636 0.9623636 0.9710909
[463] 0.9227273 0.9081818 0.9445455 0.9636364 0.9270909 0.8845455 0.8176364
[470] 0.9238182 0.8778182 0.9889091 0.9609091 0.9483636 0.9825455 0.7292727
[477] 0.8714545 0.9847273 0.8698182 0.9580000 0.9185455 0.8914545 0.9601818
[484] 0.9830909 0.9400000 0.9694545 0.9545455 0.7949091 0.9425455 0.9101818
[491] 0.8810909 0.9420000 0.9423636 0.9932727 0.9841818 0.9236364 0.9365455
[498] 0.9072727 0.6569091 0.9805455

$PCD_vals_oLS
  [1] 0.8596364 0.8369091 0.9000000 0.9807273 0.8996364 0.9443636 0.9234545
  [8] 0.7930909 0.9505455 0.9787273 0.8061818 0.9220000 0.8883636 0.8498182
 [15] 0.8776364 0.8107273 0.9401818 0.9525455 0.8636364 0.9305455 0.8020000
 [22] 0.7601818 0.7352727 0.9516364 0.9136364 0.9641818 0.8212727 0.9565455
 [29] 0.9494545 0.3883636 0.9521818 0.8283636 0.8307273 0.9200000 0.9096364
 [36] 0.9778182 0.9610909 0.8883636 0.7647273 0.9187273 0.9881818 0.4514545
 [43] 0.8445455 0.7047273 0.9301818 0.6645455 0.9570909 0.9823636 0.9380000
 [50] 0.8654545 0.8541818 0.6203636 0.8910909 0.5572727 0.8132727 0.9430909
 [57] 0.7763636 0.9305455 0.9276364 0.9105455 0.9114545 0.8592727 0.8765455
 [64] 0.8756364 0.8587273 0.9505455 0.8152727 0.8970909 0.8900000 0.8123636
 [71] 0.8761818 0.6763636 0.9485455 0.8665455 0.8481818 0.6860000 0.8876364
 [78] 0.8221818 0.9254545 0.8632727 0.9703636 0.8778182 0.9380000 0.9378182
 [85] 0.9665455 0.7743636 0.9563636 0.8512727 0.8996364 0.8512727 0.8781818
 [92] 0.9060000 0.9247273 0.8505455 0.8974545 0.9083636 0.9190909 0.9136364
 [99] 0.9567273 0.9389091 0.9314545 0.9007273 0.7672727 0.6880000 0.9327273
[106] 0.6800000 0.9323636 0.8960000 0.8372727 0.5418182 0.9476364 0.9420000
[113] 0.8316364 0.9309091 0.9700000 0.5396364 0.9390909 0.9425455 0.8392727
[120] 0.9161818 0.9745455 0.9665455 0.5172727 0.9732727 0.8807273 0.7972727
[127] 0.8412727 0.8972727 0.9740000 0.8280000 0.8070909 0.8063636 0.9909091
[134] 0.6654545 0.9470909 0.1903636 0.8652727 0.8563636 0.9690909 0.8881818
[141] 0.9623636 0.8920000 0.9041818 0.8594545 0.7349091 0.8961818 0.7620000
[148] 0.9036364 0.9592727 0.9021818 0.9041818 0.8163636 0.5925455 0.9607273
[155] 0.9505455 0.7250909 0.8547273 0.7732727 0.5361818 0.9623636 0.9376364
[162] 0.9356364 0.8414545 0.8480000 0.9583636 0.8558182 0.8716364 0.7140000
[169] 0.9618182 0.4856364 0.9707273 0.8658182 0.9447273 0.6680000 0.9849091
[176] 0.9405455 0.9623636 0.9823636 0.9640000 0.8752727 0.8974545 0.9305455
[183] 0.8876364 0.5932727 0.8734545 0.8401818 0.9472727 0.9754545 0.8843636
[190] 0.9730909 0.9825455 0.9447273 0.9278182 0.8867273 0.9361818 0.9692727
[197] 0.7861818 0.9592727 0.9067273 0.9201818 0.7630909 0.8958182 0.9027273
[204] 0.9370909 0.8710909 0.9610909 0.9465455 0.8169091 0.9610909 0.9387273
[211] 0.8976364 0.9760000 0.6505455 0.9405455 0.8178182 0.9110909 0.8567273
[218] 0.7981818 0.8529091 0.8552727 0.9325455 0.8769091 0.8690909 0.7552727
[225] 0.9538182 0.8952727 0.9230909 0.6998182 0.8072727 0.4985455 0.9167273
[232] 0.8532727 0.8370909 0.9109091 0.8241818 0.9320000 0.9212727 0.9534545
[239] 0.8320000 0.8820000 0.9034545 0.8220000 0.9376364 0.9607273 0.9216364
[246] 0.4790909 0.9714545 0.7876364 0.9218182 0.9303636 0.7025455 0.8903636
[253] 0.4345455 0.9045455 0.9625455 0.9458182 0.9330909 0.9518182 0.6663636
[260] 0.9249091 0.9441818 0.9212727 0.8147273 0.9594545 0.8580000 0.6920000
[267] 0.8800000 0.9209091 0.9149091 0.8289091 0.8894545 0.5301818 0.9460000
[274] 0.8696364 0.8425455 0.8607273 0.8396364 0.8478182 0.5467273 0.9038182
[281] 0.9669091 0.9920000 0.9656364 0.9249091 0.4987273 0.9849091 0.9690909
[288] 0.9083636 0.8798182 0.9332727 0.8510909 0.8120000 0.9023636 0.8154545
[295] 0.8843636 0.7343636 0.9680000 0.8649091 0.6740000 0.9690909 0.9070909
[302] 0.8629091 0.9987273 0.9121818 0.9667273 0.9676364 0.4434545 0.6070909
[309] 0.7896364 0.9040000 0.8403636 0.8900000 0.9065455 0.8280000 0.8305455
[316] 0.8861818 0.9345455 0.8960000 0.7140000 0.7207273 0.9278182 0.8558182
[323] 0.9563636 0.8438182 0.9143636 0.9336364 0.6260000 0.8987273 0.8265455
[330] 0.9501818 0.8865455 0.8800000 0.9321818 0.8770909 0.9016364 0.9663636
[337] 0.9700000 0.8318182 0.2018182 0.9923636 0.9992727 0.9265455 0.7720000
[344] 0.9347273 0.9721818 0.9650909 0.9623636 0.7034545 0.8569091 0.9774545
[351] 0.9721818 0.9705455 0.9085455 0.8907273 0.9172727 0.9087273 0.9383636
[358] 0.5281818 0.9214545 0.9065455 0.9112727 0.9150909 0.9610909 0.9210909
[365] 0.8594545 0.9121818 0.9452727 0.9203636 0.9610909 0.8016364 0.7863636
[372] 0.9600000 0.9412727 0.8545455 0.8594545 0.9163636 0.8821818 0.9590909
[379] 0.9512727 0.8232727 0.8332727 0.9480000 0.8829091 0.9932727 0.7625455
[386] 0.8847273 0.9507273 0.9538182 0.9370909 0.8952727 0.4087273 0.8721818
[393] 0.7232727 0.8940000 0.8252727 0.9290909 0.9101818 0.9583636 0.8085455
[400] 0.8307273 0.9692727 0.9230909 0.9436364 0.8369091 0.9030909 0.9269091
[407] 0.9547273 0.8029091 0.8643636 0.9316364 0.9607273 0.9114545 0.8549091
[414] 0.8990909 0.9450909 0.7029091 0.6334545 0.8581818 0.9260000 0.9625455
[421] 0.9321818 0.9741818 0.9716364 0.9930909 0.7660000 0.7774545 0.9823636
[428] 0.8438182 0.2807273 0.8872727 0.9687273 0.7910909 0.9592727 0.9694545
[435] 0.9370909 0.9192727 0.9683636 0.9741818 0.8960000 0.9321818 0.8916364
[442] 0.9434545 0.9465455 0.9003636 0.9276364 0.9274545 0.4998182 0.9545455
[449] 0.9560000 0.9263636 0.7741818 0.9772727 0.8187273 0.8403636 0.9069091
[456] 0.9905455 0.9892727 0.8929091 0.6865455 0.8945455 0.9016364 0.8305455
[463] 0.8447273 0.9160000 0.9536364 0.8998182 0.8932727 0.6941818 0.5485455
[470] 0.8694545 0.8016364 0.9094545 0.9125455 0.8205455 0.8620000 0.5554545
[477] 0.8010909 0.9729091 0.9076364 0.8680000 0.9780000 0.9210909 0.9114545
[484] 0.8776364 0.8245455 0.8961818 0.9403636 0.7414545 0.9658182 0.6941818
[491] 0.9903636 0.9216364 0.9389091 0.9367273 0.8825455 0.9083636 0.8801818
[498] 0.9705455 0.2161818 0.9401818

$V_RF
  [1] 0.2419266 0.2419108 0.2417834 0.2419024 0.2419227 0.2401137 0.2418857
  [8] 0.2418722 0.2417743 0.2419087 0.2418933 0.2418487 0.2418116 0.2418532
 [15] 0.2364110 0.2418805 0.2418181 0.2418237 0.2418346 0.2419266 0.2416242
 [22] 0.2394320 0.2408831 0.2419269 0.2419266 0.2417533 0.2378617 0.2419151
 [29] 0.2418969 0.2305828 0.2418017 0.2411167 0.2405910 0.2417414 0.2418722
 [36] 0.2419025 0.2419245 0.2419229 0.2419223 0.2419061 0.2414520 0.2337316
 [43] 0.2419170 0.2419040 0.2417394 0.2373893 0.2408199 0.2418756 0.2415291
 [50] 0.2412398 0.2414406 0.2418669 0.2419048 0.2412514 0.2416919 0.2419258
 [57] 0.2417921 0.2418899 0.2413009 0.2418818 0.2375754 0.2412297 0.2418921
 [64] 0.2418414 0.2418174 0.2417972 0.2390361 0.2400959 0.2419273 0.2110902
 [71] 0.2414947 0.2417632 0.2414519 0.2418673 0.2412175 0.2378630 0.2412491
 [78] 0.2417644 0.2419274 0.2417065 0.2371395 0.2409245 0.2408226 0.2419195
 [85] 0.2385207 0.2416714 0.2419268 0.2392976 0.2416302 0.2416481 0.2417151
 [92] 0.2411640 0.2416433 0.2417911 0.2407462 0.2418519 0.2402986 0.2418139
 [99] 0.2419273 0.2418090 0.2419094 0.2414488 0.2388500 0.2379821 0.2418803
[106] 0.2404954 0.2417769 0.2413328 0.2401064 0.2371679 0.2417811 0.2416761
[113] 0.2400737 0.2419162 0.2419251 0.2405653 0.2398314 0.2419253 0.2413516
[120] 0.2417768 0.2419242 0.2418972 0.2307770 0.2409940 0.2419274 0.2410429
[127] 0.2401773 0.2417162 0.2419240 0.2405493 0.2399819 0.2402858 0.2419253
[134] 0.2362416 0.2419207 0.1951826 0.2418633 0.2416177 0.2417321 0.2418636
[141] 0.2417121 0.2418715 0.2412066 0.2417201 0.2417354 0.2408848 0.2396979
[148] 0.2416609 0.2417204 0.2414207 0.2413879 0.2417675 0.2363614 0.2416521
[155] 0.2418010 0.2417516 0.2329055 0.2412630 0.2414906 0.2419088 0.2379930
[162] 0.2415951 0.2418750 0.2419151 0.2418885 0.2412091 0.2418709 0.2413625
[169] 0.2407036 0.2418019 0.2418231 0.2419008 0.2418621 0.2403555 0.2414752
[176] 0.2418429 0.2406417 0.2419094 0.2406969 0.2415808 0.2301736 0.2417389
[183] 0.2418854 0.2402417 0.2418142 0.2400311 0.2415148 0.2416393 0.2419188
[190] 0.2419136 0.2419220 0.2418766 0.2416776 0.2417782 0.2419274 0.2419234
[197] 0.2410541 0.2419033 0.2411436 0.2419274 0.2418560 0.2418488 0.2412362
[204] 0.2418573 0.2416339 0.2415646 0.2418201 0.2418969 0.2418747 0.2418873
[211] 0.2419139 0.2419129 0.2381745 0.2417371 0.2417771 0.2419222 0.2418862
[218] 0.2419273 0.2419171 0.2418935 0.2416964 0.2419115 0.2417805 0.2414621
[225] 0.2419254 0.2416433 0.2419160 0.2400909 0.2418025 0.2419261 0.2418255
[232] 0.2419262 0.2396671 0.2408479 0.2269905 0.2418937 0.2413770 0.2411120
[239] 0.2419270 0.2405929 0.2419088 0.2389829 0.2418517 0.2418793 0.2417852
[246] 0.2418256 0.2418996 0.2413826 0.2419222 0.2412519 0.2416168 0.2415243
[253] 0.1949700 0.2418344 0.2419080 0.2414652 0.2417371 0.2414107 0.2409473
[260] 0.2418351 0.2417854 0.2408606 0.2401522 0.2403566 0.2419259 0.1960847
[267] 0.2419274 0.2419169 0.2415147 0.2416251 0.2417642 0.2382108 0.2419199
[274] 0.2419039 0.2419218 0.2417054 0.2401786 0.2418487 0.2229212 0.2419274
[281] 0.2419260 0.2419117 0.2418117 0.2419166 0.2405998 0.2416619 0.2418972
[288] 0.2419136 0.2419270 0.2419229 0.2339651 0.2409689 0.2401530 0.2363315
[295] 0.2419231 0.2414507 0.2419061 0.2416438 0.2376631 0.2416680 0.2418163
[302] 0.2414656 0.2418080 0.2418110 0.2418585 0.2416143 0.2380590 0.2418787
[309] 0.2351357 0.2419172 0.2416253 0.2419155 0.2418395 0.2317638 0.2418689
[316] 0.2418982 0.2419183 0.2419030 0.2409886 0.2418156 0.2419238 0.2416584
[323] 0.2417768 0.2417147 0.2411781 0.2402168 0.2410083 0.2415105 0.2406398
[330] 0.2419125 0.2357090 0.2419026 0.2419274 0.2416973 0.2335327 0.2416749
[337] 0.2418810 0.2406870 0.2235023 0.2418862 0.2414152 0.2419274 0.2418931
[344] 0.2419068 0.2418780 0.2357095 0.2411105 0.2417330 0.2418248 0.2419269
[351] 0.2419248 0.2417386 0.2416551 0.2419231 0.2411809 0.2400931 0.2419251
[358] 0.2419183 0.2413255 0.2419272 0.2419041 0.2418742 0.2415800 0.2412333
[365] 0.2396003 0.2414515 0.2419210 0.2418654 0.2417250 0.2384861 0.2373594
[372] 0.2418844 0.2419088 0.2416856 0.2417054 0.2419269 0.2418783 0.2419189
[379] 0.2419251 0.2419268 0.2415007 0.2418967 0.2419215 0.2417026 0.2318842
[386] 0.2410875 0.2419255 0.2362126 0.2419177 0.2418641 0.2363864 0.2417446
[393] 0.2419272 0.2417748 0.2409370 0.2419242 0.2415071 0.2419262 0.2418334
[400] 0.2410474 0.2419071 0.2418455 0.2419270 0.2418710 0.2410217 0.2418753
[407] 0.2418958 0.2417959 0.2386031 0.2418528 0.2418302 0.2418832 0.2417382
[414] 0.2419118 0.2419204 0.2419207 0.2406896 0.2419234 0.2415559 0.2418508
[421] 0.2413085 0.2414702 0.2419094 0.2418906 0.2410503 0.2419243 0.2416448
[428] 0.2418714 0.2193497 0.2419247 0.2418581 0.2380184 0.2419228 0.2418395
[435] 0.2418297 0.2417374 0.2419062 0.2418888 0.2406200 0.2418868 0.2416611
[442] 0.2415653 0.2418410 0.2419273 0.2417059 0.2411144 0.2396037 0.2418235
[449] 0.2414842 0.2418244 0.2418459 0.2405359 0.2418803 0.2418098 0.2418865
[456] 0.2419274 0.2419139 0.2419232 0.2415358 0.2415603 0.2409433 0.2415063
[463] 0.2416282 0.2384076 0.2419274 0.2418746 0.2418684 0.2419252 0.1923085
[470] 0.2395979 0.2418104 0.2419274 0.2417197 0.2419260 0.2418765 0.2415912
[477] 0.2409902 0.2419121 0.2418835 0.2418984 0.2415643 0.2419190 0.2382074
[484] 0.2418548 0.2419110 0.2389402 0.2416851 0.2415731 0.2418861 0.2344475
[491] 0.2415097 0.2413694 0.2419089 0.2419260 0.2414444 0.2419274 0.2403692
[498] 0.2416774 0.2407645 0.2419153

$V_CXLS
  [1] 0.2411651 0.2407996 0.2411601 0.2419226 0.2419269 0.2400711 0.2419274
  [8] 0.2383296 0.2418544 0.2419270 0.2391467 0.2417166 0.2419161 0.2415631
 [15] 0.2408639 0.2333941 0.2417052 0.2419206 0.2418904 0.2419202 0.2417867
 [22] 0.2419098 0.2418497 0.2417211 0.2419216 0.2416507 0.2249364 0.2419273
 [29] 0.2419035 0.2380350 0.2410103 0.2416992 0.2343417 0.2407642 0.2414778
 [36] 0.2417927 0.2418546 0.2418381 0.2419126 0.2419272 0.2417810 0.2200743
 [43] 0.2418986 0.2418642 0.2417825 0.2406721 0.2418552 0.2419261 0.2419238
 [50] 0.2419274 0.2417596 0.2419232 0.2419274 0.2407442 0.2419182 0.2419263
 [57] 0.2415670 0.2419092 0.2419268 0.2419263 0.2419272 0.2419206 0.2419024
 [64] 0.2382383 0.2419274 0.2417778 0.2418915 0.2409882 0.2414353 0.2419263
 [71] 0.2417251 0.2416038 0.2418638 0.2413467 0.2418581 0.2419031 0.2417643
 [78] 0.2419088 0.2418867 0.2419222 0.2417794 0.2418396 0.2419121 0.2419231
 [85] 0.2414928 0.2419219 0.2419130 0.2417846 0.2419047 0.2406122 0.2418958
 [92] 0.2418875 0.2419267 0.2401673 0.2417092 0.2419241 0.2405751 0.2418467
 [99] 0.2417251 0.2419241 0.2416474 0.2413900 0.2416564 0.2419274 0.2417967
[106] 0.2418212 0.2415722 0.2418707 0.2418622 0.2415792 0.2419067 0.2418008
[113] 0.2367047 0.2419265 0.2419231 0.2049187 0.2419161 0.2419094 0.2419175
[120] 0.2416618 0.2416107 0.2419227 0.2419258 0.2417000 0.2418680 0.2418932
[127] 0.2399266 0.2395190 0.2418969 0.2389064 0.2334347 0.2414489 0.2418985
[134] 0.2364961 0.2419082 0.2206140 0.2418975 0.2418623 0.2417633 0.2395779
[141] 0.2418977 0.2419252 0.2419118 0.2418484 0.2419270 0.2411570 0.2413493
[148] 0.2419149 0.2419124 0.2419234 0.2418547 0.2419058 0.2415411 0.2418829
[155] 0.2418580 0.2419273 0.2402670 0.2384922 0.2417595 0.2419267 0.2416370
[162] 0.2419099 0.2419187 0.2418836 0.2418621 0.2419271 0.2419269 0.2359659
[169] 0.2419210 0.2364506 0.2419195 0.2419104 0.2415634 0.2416549 0.2419099
[176] 0.2418064 0.2419059 0.2419252 0.2418520 0.2419066 0.2419257 0.2417497
[183] 0.2413792 0.2374370 0.2411176 0.2417548 0.2418558 0.2418828 0.2419274
[190] 0.2419198 0.2418828 0.2419274 0.2418616 0.2419210 0.2419274 0.2419252
[197] 0.2413756 0.2417290 0.2418456 0.2419272 0.2418712 0.2419274 0.2417432
[204] 0.2419274 0.2419163 0.2418578 0.2419267 0.2416666 0.2410646 0.2418635
[211] 0.2416466 0.2418552 0.2089524 0.2418857 0.2414039 0.2419272 0.2417838
[218] 0.2419182 0.2418093 0.2414483 0.2419255 0.2419243 0.2418999 0.2411647
[225] 0.2418730 0.2417172 0.2419221 0.2418968 0.2419257 0.2418216 0.2417470
[232] 0.2415527 0.2416919 0.2419253 0.2394385 0.2419274 0.2417693 0.2412182
[239] 0.2396871 0.2419245 0.2416002 0.2408777 0.2419027 0.2417823 0.2419155
[246] 0.2368167 0.2419274 0.2386789 0.2418434 0.2419272 0.2419269 0.2418383
[253] 0.1486441 0.2417683 0.2419001 0.2418596 0.2417750 0.2419274 0.2414874
[260] 0.2419241 0.2419196 0.2418934 0.2419188 0.2418801 0.2418949 0.2220879
[267] 0.2419253 0.2417862 0.2418374 0.2419223 0.2409917 0.2410951 0.2418592
[274] 0.2418521 0.2419274 0.2419272 0.2417100 0.2418742 0.2266176 0.2417647
[281] 0.2417757 0.2402747 0.2418909 0.2418914 0.2418912 0.2419274 0.2418320
[288] 0.2419267 0.2419259 0.2419274 0.2409979 0.2413124 0.2418234 0.2416225
[295] 0.2418545 0.2419216 0.2419242 0.2419132 0.2412466 0.2419013 0.2419061
[302] 0.2418823 0.2419231 0.2418854 0.2419269 0.2418480 0.2231618 0.2419266
[309] 0.2403448 0.2418913 0.2411287 0.2418697 0.2419056 0.2378512 0.2417342
[316] 0.2417350 0.2418492 0.2416160 0.2418694 0.2382454 0.2417887 0.2405991
[323] 0.2419125 0.2419136 0.2418770 0.2418758 0.2416933 0.2418735 0.2418826
[330] 0.2416935 0.2410549 0.2419086 0.2416225 0.2418935 0.2415304 0.2419032
[337] 0.2417618 0.2418124 0.2349524 0.2418948 0.2418920 0.2419247 0.2414126
[344] 0.2416147 0.2419037 0.2417430 0.2417930 0.2417916 0.2418692 0.2419240
[351] 0.2419188 0.2412947 0.2419217 0.2418883 0.2418022 0.2417276 0.2417497
[358] 0.2341827 0.2418910 0.2419273 0.2418985 0.2419186 0.2419254 0.2417876
[365] 0.2416470 0.2418803 0.2419252 0.2417865 0.2419220 0.2347601 0.2417572
[372] 0.2419271 0.2419273 0.2410381 0.2408129 0.2418817 0.2419201 0.2419091
[379] 0.2418155 0.2419128 0.2416746 0.2419266 0.2419010 0.2419243 0.2418011
[386] 0.2387462 0.2419261 0.2418559 0.2412759 0.2419254 0.2409373 0.2409418
[393] 0.2418802 0.2419200 0.2417796 0.2419226 0.2418928 0.2419255 0.2419171
[400] 0.2418758 0.2418759 0.2417571 0.2419262 0.2416947 0.2414885 0.2418786
[407] 0.2419268 0.2419025 0.2417688 0.2418378 0.2415826 0.2419222 0.2329821
[414] 0.2419092 0.2419267 0.2419258 0.2275197 0.2414119 0.2419241 0.2419201
[421] 0.2414834 0.2409372 0.2418831 0.2416030 0.2413210 0.2418973 0.2417100
[428] 0.2418985 0.2416299 0.2416550 0.2418002 0.2417752 0.2418731 0.2412296
[435] 0.2419272 0.2416705 0.2412686 0.2419274 0.2413819 0.2417817 0.2402641
[442] 0.2419213 0.2417449 0.2168116 0.2415757 0.2419252 0.2414197 0.2418444
[449] 0.2405221 0.2419268 0.2418220 0.2418516 0.2418600 0.2417182 0.2419153
[456] 0.2418678 0.2419181 0.2418930 0.2414398 0.2417797 0.2419124 0.2419191
[463] 0.2417069 0.2416966 0.2418487 0.2419013 0.2416539 0.2401846 0.2396525
[470] 0.2416318 0.2412061 0.2419272 0.2419129 0.2418516 0.2419269 0.2340455
[477] 0.2416260 0.2419269 0.2395044 0.2419205 0.2413848 0.2409723 0.2419211
[484] 0.2419264 0.2418397 0.2419195 0.2418779 0.2332510 0.2418632 0.2416003
[491] 0.2404314 0.2418602 0.2418408 0.2419274 0.2419269 0.2416087 0.2417948
[498] 0.2413535 0.1766170 0.2419268

$V_OLS
  [1]  0.239259849  0.236262818  0.241697873  0.241926333  0.241309824
  [6]  0.241821585  0.241620139  0.229426570  0.241887319  0.241925761
 [11]  0.229474954  0.241580706  0.241465298  0.238648724  0.240511728
 [16]  0.233558252  0.241844726  0.241893303  0.240761900  0.241750176
 [21]  0.237520321  0.222285038  0.204183526  0.241902683  0.241390698
 [26]  0.241912213  0.236165989  0.241916149  0.241877679 -0.130271636
 [31]  0.241877323  0.238212886  0.235102680  0.241869028  0.241418074
 [36]  0.241926756  0.241915568  0.241708915  0.229943964  0.241687687
 [41]  0.241927317 -0.067935620  0.239790242  0.192309834  0.241692086
 [46]  0.181895438  0.241910693  0.241926663  0.241906424  0.239666277
 [51]  0.241327967  0.126863767  0.240803388  0.073483281  0.236931549
 [56]  0.241851472  0.221518065  0.241760450  0.241756665  0.241414766
 [61]  0.241697813  0.239031057  0.239961973  0.240478017  0.238205205
 [66]  0.241883076  0.238316121  0.241117894  0.241042937  0.237861128
 [71]  0.241606374  0.170672175  0.241831591  0.239582978  0.237999995
 [76]  0.188232326  0.241730286  0.235767246  0.241664610  0.241426553
 [81]  0.241926216  0.241507723  0.241828458  0.241833227  0.241925653
 [86]  0.221518313  0.241905917  0.241345240  0.241761787  0.241471180
 [91]  0.240238704  0.241805693  0.241720872  0.237627913  0.241242527
 [96]  0.241542597  0.241582432  0.241586317  0.241892648  0.241782468
[101]  0.241691260  0.241215428  0.238865500  0.215471538  0.241847350
[106]  0.221175100  0.241725430  0.240808690  0.240755435  0.047612976
[111]  0.241914659  0.241840101  0.235734426  0.241802040  0.241922726
[116]  0.045844825  0.241838741  0.241838855  0.237671175  0.241871459
[121]  0.241925202  0.241921835  0.007213823  0.241925608  0.240677862
[126]  0.238517806  0.237080735  0.241387233  0.241924249  0.234528994
[131]  0.232516549  0.231482886  0.241927311  0.215817178  0.241871727
[136] -0.231002411  0.241275812  0.238798935  0.241916532  0.240532983
[141]  0.241913488  0.240865449  0.241824812  0.240267444  0.218049317
[146]  0.241068801  0.236259453  0.241126003  0.241913062  0.241739943
[151]  0.241745926  0.234316277  0.107675770  0.241909176  0.241878232
[156]  0.216974793  0.237837366  0.224253973  0.072880637  0.241916260
[161]  0.241786423  0.241897728  0.241178212  0.238366543  0.241897132
[166]  0.238448530  0.240103943  0.197041554  0.241924487 -0.004418650
[171]  0.241922190  0.239679222  0.241822043  0.186646438  0.241926497
[176]  0.241876783  0.241907487  0.241926573  0.241919004  0.239899918
[181]  0.241746583  0.241860201  0.240606448  0.100947605  0.241396932
[186]  0.237578146  0.241885042  0.241923523  0.241304935  0.241921643
[191]  0.241926981  0.241916102  0.241782722  0.240848150  0.241879336
[196]  0.241919451  0.235909868  0.241905377  0.241622733  0.241559903
[201]  0.232990097  0.241019599  0.241590878  0.241804743  0.239782553
[206]  0.241909192  0.241863368  0.232430421  0.241895890  0.241822274
[211]  0.241197728  0.241922361  0.153838066  0.241795764  0.234085294
[216]  0.241317056  0.238829866  0.235896135  0.241318583  0.238477934
[221]  0.241778675  0.240630232  0.239853269  0.236077560  0.241893243
[226]  0.241693024  0.241555750  0.185841714  0.238528432 -0.003756661
[231]  0.241731815  0.238445696  0.235949327  0.241779049  0.240516855
[236]  0.241766403  0.241722991  0.241882184  0.236220773  0.240819644
[241]  0.241621238  0.236854026  0.241802860  0.241921384  0.241620129
[246] -0.014040542  0.241921754  0.225969011  0.241658985  0.241889885
[251]  0.193082818  0.240833117 -0.058487207  0.241388237  0.241924333
[256]  0.241869951  0.241894967  0.241904367  0.186136212  0.241677332
[261]  0.241822847  0.241879496  0.237775629  0.241903719  0.238878931
[266]  0.183221887  0.240428681  0.241726464  0.241563522  0.240687039
[271]  0.241698979  0.030173002  0.241797236  0.240260800  0.237294066
[276]  0.239613584  0.236999609  0.241274691  0.054292137  0.241377811
[281]  0.241912157  0.241927277  0.241923230  0.241748514  0.001339520
[286]  0.241926591  0.241919561  0.241258881  0.240568077  0.241905787
[291]  0.239712637  0.231143539  0.241799422  0.236713125  0.240667088
[296]  0.212431056  0.241917565  0.239751633  0.220931850  0.241920674
[301]  0.241230288  0.240710081  0.241927437  0.241459603  0.241919462
[306]  0.241917173 -0.046759604  0.175110005  0.227379118  0.241380068
[311]  0.236356124  0.240537291  0.241447005  0.240029458  0.235686709
[316]  0.240177368  0.241735444  0.241008140  0.201321346  0.197770490
[321]  0.241856406  0.241432920  0.241922612  0.241147596  0.241502993
[326]  0.241736874  0.185504246  0.240972551  0.240926730  0.241875864
[331]  0.240807373  0.241622568  0.241822403  0.239825558  0.241525228
[336]  0.241921588  0.241918748  0.237943848 -0.228006565  0.241927432
[341]  0.241927437  0.241790073  0.224718421  0.241778990  0.241921579
[346]  0.241919540  0.241909622  0.196193862  0.238504251  0.241925879
[351]  0.241925374  0.241925215  0.241313464  0.240690335  0.241577932
[356]  0.241769634  0.241792682  0.023403901  0.241713694  0.241312025
[361]  0.241858618  0.241855630  0.241912227  0.241610510  0.238633561
[366]  0.241430890  0.241863409  0.241677569  0.241917586  0.231732704
[371]  0.229567496  0.241904230  0.241846841  0.238601845  0.239478798
[376]  0.241543030  0.240773427  0.241897560  0.241886398  0.237857713
[381]  0.240102402  0.241863567  0.241233918  0.241927427  0.218349418
[386]  0.241187324  0.241876183  0.241882551  0.241805384  0.241205045
[391] -0.109522622  0.239685488  0.203686627  0.241761845  0.234903956
[396]  0.241878602  0.241362807  0.241890306  0.232567080  0.240536167
[401]  0.241916727  0.241849903  0.241913098  0.239053700  0.241772302
[406]  0.241806389  0.241899516  0.239606219  0.239765322  0.241842972
[411]  0.241909630  0.241677203  0.239240394  0.241386625  0.241848415
[416]  0.214170963  0.156701271  0.239073879  0.241836686  0.241910646
[421]  0.241814088  0.241926627  0.241923769  0.241927415  0.237029151
[426]  0.224174242  0.241927193  0.238567734 -0.197851744  0.241341577
[431]  0.241915721  0.227203127  0.241906857  0.241925942  0.241768003
[436]  0.241882945  0.241925661  0.241924270  0.241509022  0.241897767
[441]  0.240525672  0.241915133  0.241910925  0.241384408  0.241711786
[446]  0.241669121 -0.012851484  0.241893360  0.241895312  0.241879861
[451]  0.224907699  0.241926870  0.233808357  0.236928945  0.241854976
[456]  0.241927342  0.241927195  0.241179486  0.175060775  0.241168668
[461]  0.241519156  0.238734492  0.237971350  0.241853888  0.241920389
[466]  0.240899002  0.240829371  0.201503527  0.060548913  0.241489322
[471]  0.229585280  0.241606008  0.241487097  0.234072247  0.238978374
[476]  0.065955138  0.240183238  0.241926403  0.241276456  0.241577167
[481]  0.241924426  0.241663106  0.241771954  0.239736031  0.240088217
[486]  0.240687537  0.241794766  0.212011699  0.241924752  0.215823229
[491]  0.241927419  0.241494723  0.241785419  0.241787274  0.241698310
[496]  0.241318748  0.241400436  0.241924416 -0.236492389  0.241895823

$Beta_CX
                [,1]          [,2]      [,3]
  [1,]  0.0043049206  1.0005776141 1.0328513
  [2,] -0.1421305972  0.1194360554 0.5517545
  [3,]  0.1906865740  0.4923062164 0.6083235
  [4,]  0.0153769003  0.5091605852 0.8341263
  [5,] -0.0463505166  0.5154748785 0.9504893
  [6,]  0.1271506974  0.0947784810 0.8966826
  [7,] -0.0019755036  0.3444994323 0.6857425
  [8,] -0.2020554514  0.0568303856 0.8089072
  [9,]  0.0679710122  0.2884120330 0.9015367
 [10,] -0.0680636404  0.5910631120 1.1277855
 [11,]  0.0805812787  0.4026303218 0.3440156
 [12,] -0.1157360395  0.6392885156 0.8290733
 [13,]  0.0647621815  0.4889641350 0.8003195
 [14,]  0.0316731717  0.9533697724 1.0940311
 [15,]  0.3270748407  0.7360611873 0.8986011
 [16,] -0.0754303736 -0.0432892146 0.4915378
 [17,] -0.1059510537  0.1585929011 0.4470935
 [18,] -0.1434218265  0.5214326990 1.0947174
 [19,]  0.1612343114  0.4240146033 0.7846725
 [20,] -0.0793749737  0.3514350669 0.6436854
 [21,] -0.0257508723  0.2425949278 0.8923858
 [22,] -0.1149865418  0.3259818497 0.6943789
 [23,]  0.1404981973  0.4075616498 0.6647059
 [24,]  0.1278324884  0.2124528252 0.6505685
 [25,] -0.0550840837  0.5408013422 0.9054554
 [26,]  0.0955447207  0.5832071972 0.7225806
 [27,]  0.1606895096  0.6269168577 0.3049294
 [28,] -0.0298200682  0.4246857136 0.8089305
 [29,] -0.0840771138  0.5194548078 0.8224082
 [30,]  0.0170473845  0.0003832743 0.5787778
 [31,]  0.2549737558  0.9936031238 1.0896285
 [32,]  0.1428685878  0.2016559779 0.5114030
 [33,] -0.0278092746 -0.0581089077 0.6588459
 [34,] -0.1228549780  0.1275666872 0.8207112
 [35,]  0.2211857671  0.2853295535 1.0324097
 [36,] -0.1010491477  0.2395769237 0.7615427
 [37,]  0.0586753001  0.5695593819 0.7925883
 [38,]  0.0712069343  0.3806071588 1.2576185
 [39,] -0.0490087480  0.4467306150 0.7092339
 [40,] -0.0164868143  0.4438487914 0.8132378
 [41,]  0.0777230751  0.2579859598 0.9056581
 [42,]  0.1262813815 -0.0601334866 0.3187312
 [43,]  0.1288069534  0.5782987088 0.9409862
 [44,]  0.0627520874  0.3938628026 0.5713054
 [45,] -0.3004124670  0.4810556618 1.1111389
 [46,] -0.1573836779  0.3370231408 0.4055581
 [47,] -0.1453089667  0.3399138595 0.9157946
 [48,]  0.0849816595  0.6083325865 1.3369460
 [49,]  0.0410148807  0.6366066392 1.0689469
 [50,] -0.0096178641  0.3413814490 0.6720087
 [51,] -0.1107158443  0.2328194451 0.7552328
 [52,]  0.0105240556  0.3840771568 0.6329922
 [53,]  0.0114829895  0.3275465956 0.6786741
 [54,] -0.0820837257  0.3794033811 0.3884138
 [55,] -0.1106747282  0.3839786523 0.7503091
 [56,]  0.0754825110  0.7024129455 1.2825730
 [57,]  0.0473138725  0.5440326033 0.6318563
 [58,]  0.0674450130  0.4053282181 1.0829405
 [59,] -0.0387007181  0.4370783538 0.8035958
 [60,]  0.0585695818  0.4513685441 0.8411784
 [61,] -0.0128873910  0.2232929986 0.4129626
 [62,] -0.0279079676  0.2987661598 0.7547719
 [63,] -0.1013039637  0.2982426896 0.5526882
 [64,] -0.0415663310  0.0061418310 0.8601423
 [65,] -0.0052426712  0.3283335856 0.6766593
 [66,] -0.0405370787  0.4142116057 1.5452364
 [67,] -0.1479235629  0.3796806714 0.9130377
 [68,]  0.0996942619  0.6625950547 0.6845218
 [69,] -0.0740067521  0.5365558047 0.6076239
 [70,] -0.0316223694  0.4422662089 1.0152445
 [71,]  0.1358162862  0.4192244557 0.6002626
 [72,] -0.0203471300  0.1312980192 0.5901956
 [73,]  0.1177908122  0.3811330020 1.1078849
 [74,]  0.0996649836  0.7731652629 0.8538124
 [75,]  0.0322944567  0.3488177621 1.1302390
 [76,] -0.0863840626  0.3237027073 0.5561838
 [77,] -0.0928075270  0.2241992066 0.7564192
 [78,]  0.0362007143  0.1867823654 0.4922605
 [79,] -0.0655184026  0.7114009562 1.0388657
 [80,]  0.0054731863  0.3622963585 0.9172831
 [81,] -0.0500112671  0.5096271267 0.6599017
 [82,]  0.0367425268  0.2137324830 0.7077900
 [83,] -0.1128419066  0.3326390437 0.6789652
 [84,]  0.0336490400  0.2169120414 0.5119757
 [85,] -0.0467187256  0.1504941166 0.7214136
 [86,]  0.0177113054  0.3099203497 0.7815317
 [87,] -0.0747030749  0.2296532787 0.5060178
 [88,]  0.2060907318  0.3309577321 0.7717924
 [89,]  0.1572756768  0.5099467777 0.9163916
 [90,] -0.1358845664  0.1178248739 0.7600108
 [91,]  0.1974517480  0.4918277955 0.9730222
 [92,] -0.0056912083  0.2189618711 0.6642108
 [93,] -0.0453929471  0.4203478875 0.9199873
 [94,] -0.2051972030  0.9430513633 0.8941788
 [95,] -0.0904232082  0.1749293959 0.5966128
 [96,]  0.0662635023  0.3718112079 0.8402538
 [97,]  0.1675595338  0.1303568299 0.7149585
 [98,]  0.1367955290  0.6518670389 0.9531960
 [99,]  0.0656138653  0.6126106455 0.7681447
[100,] -0.0913300585  0.4238639651 0.8157419
[101,] -0.0550259337  0.6003244378 0.7216029
[102,]  0.1181037801  0.7202921466 0.8153007
[103,]  0.1449656898  0.2169087730 0.6856960
[104,] -0.0131919079  0.3034962877 0.6372638
[105,]  0.1600524394  0.5914399049 0.8585541
[106,]  0.1781145396  0.4643705118 0.7557160
[107,] -0.0367096806  0.2499821083 1.1567573
[108,] -0.0065497348  0.6253227859 0.8710285
[109,] -0.1398785266  0.3526891060 0.6187541
[110,]  0.0699639784  0.1273004171 0.5047576
[111,]  0.0505005788  0.3977476203 1.0967219
[112,]  0.2173693975  0.3958077951 1.0651262
[113,]  0.1750373066  0.3402764076 0.3078493
[114,] -0.0669909570  0.4412655509 0.9312938
[115,]  0.0005136835  0.5581149277 0.9166851
[116,] -0.1996818120 -0.2590017832 0.7071529
[117,] -0.0619433835  0.3123549725 0.7770837
[118,]  0.0442017740  0.2947510694 0.7928148
[119,] -0.0863160589  0.4078142205 0.9904551
[120,]  0.2481542681  0.6178058906 0.9061995
[121,] -0.0267070013  0.5092415861 0.5965472
[122,]  0.1266103841  0.5197171657 1.1077495
[123,] -0.0181773908  0.1143034852 0.2506783
[124,]  0.2426053528  0.3966544288 0.7311029
[125,]  0.0660871627  0.3339617280 1.0230908
[126,] -0.0559659665  0.2712656615 0.7656888
[127,] -0.2131852715  0.7378128759 0.7119190
[128,]  0.0878623936  0.0434003681 0.3815186
[129,]  0.0656864285  0.3327940193 0.5285184
[130,]  0.0679222979  0.0281621534 0.7023325
[131,] -0.1098738992  0.7651200082 0.4679583
[132,]  0.1778364467  0.2007815006 0.5986562
[133,]  0.0822287939  0.3648733503 0.9957932
[134,] -0.2989136838  0.1494327629 0.4481896
[135,]  0.1050573127  0.3391844189 0.8076990
[136,] -0.1547755099 -0.0264683562 0.2831872
[137,] -0.0767308089  0.3900216957 1.0887972
[138,] -0.1177500724  0.3036610080 0.8352166
[139,] -0.2122374833  0.5330205680 0.8348650
[140,] -0.1142156888  0.0786158324 1.1946690
[141,]  0.2273330038  0.5607727246 1.1596789
[142,]  0.0172875614  0.4860296134 0.8256392
[143,]  0.1047896915  0.3835549698 0.6886320
[144,]  0.0477078865  0.2201515252 0.7043322
[145,]  0.0340492643  0.2618199512 0.5412633
[146,]  0.0007439173  0.1351219687 0.8485965
[147,] -0.1793752825  0.5295710784 0.6612747
[148,]  0.0658334317  0.2530657603 0.6003543
[149,]  0.1179152448  0.3756759307 0.8514278
[150,] -0.0944223732  0.5397021610 1.2427226
[151,] -0.2596467155  0.5593256472 1.0522815
[152,] -0.1236168771  0.3472341483 0.7867011
[153,]  0.2259943446  0.3167542950 1.1288891
[154,] -0.0101371038  0.2252445284 0.6907792
[155,]  0.1865869872  0.4427833515 0.7909945
[156,] -0.0286911031  0.4063018495 0.7771177
[157,] -0.2283786973  0.9591607074 0.9308722
[158,]  0.0315151757  0.7904874350 0.6101035
[159,] -0.0663825526  0.2675038436 0.3716816
[160,]  0.0284488971  0.3684563760 0.8268776
[161,]  0.1520492350  0.3022503507 1.1563963
[162,] -0.1464810879  0.4539384426 0.8602012
[163,]  0.0674554758  0.3203319988 0.5675245
[164,] -0.0911245635  0.5481328814 0.8276829
[165,]  0.1580563343  0.5278369026 1.5532333
[166,]  0.0041403944  0.4794357931 0.8632604
[167,]  0.0026399694  0.3868281841 0.6886561
[168,] -0.0128683177 -0.0345820291 0.6438453
[169,] -0.0795632105  0.7013445085 1.1774047
[170,]  0.0807769592  0.5308489726 0.3715735
[171,]  0.1138350484  0.4362416362 0.8260450
[172,] -0.1301499795  0.3706350644 0.7717419
[173,]  0.1696682882  0.7849901561 0.9656973
[174,] -0.0002629696  0.4309461030 0.5117099
[175,]  0.1624424955  0.8347802319 1.3855291
[176,] -0.1727590338  0.3801383525 0.6523432
[177,] -0.0710411863  0.3639739464 0.9777544
[178,] -0.0447258856  0.3817841011 0.6794943
[179,]  0.0955298066  0.2805247935 0.4574242
[180,]  0.0487728610  0.2922397818 0.7923612
[181,] -0.0452415949  0.4315332119 0.9951580
[182,] -0.1380430795  0.2328729230 0.6718046
[183,]  0.0834288723  0.1876681970 0.9522252
[184,]  0.0794281070  0.0177653780 0.2668761
[185,] -0.0976884262  0.1312422335 0.7163263
[186,]  0.2799954489  0.4344585480 1.0978913
[187,]  0.1178500687  0.5492247472 0.8157841
[188,] -0.1038341788  0.3358760839 0.5646133
[189,] -0.0330537823  0.3562603192 0.7133480
[190,]  0.0730667602  0.3727053640 0.8912297
[191,]  0.1058551197  0.9574745235 1.3951318
[192,]  0.0517849080  0.5820864430 1.1659462
[193,] -0.0356448504  0.5136669863 0.7145440
[194,]  0.0785534640  0.3776910113 0.8781550
[195,]  0.0385236308  0.6052171086 1.1743885
[196,] -0.0765966034  0.4365322668 0.9594269
[197,]  0.2415540975  0.2688077647 0.6076546
[198,] -0.1522670164  0.5656323833 0.7824691
[199,]  0.0899089165  0.4460669528 0.6480306
[200,]  0.0293755628  0.5677315004 1.0492156
[201,]  0.1299657117  0.2829693355 0.6753937
[202,]  0.0119240486  0.4667929877 0.9620172
[203,]  0.2759575957  0.8602066166 1.2438352
[204,] -0.0367703594  0.5468943540 1.0942690
[205,] -0.1341825123  0.5148006508 1.2051043
[206,]  0.1642030502  0.4631870391 0.7729090
[207,]  0.0440991507  0.5611535470 1.0193168
[208,] -0.0114521761  0.1748117201 0.7457974
[209,] -0.3423152649  0.7464600386 0.9548710
[210,]  0.0210080601  0.9246054422 1.2742058
[211,] -0.0933142737  0.6523942968 0.7988120
[212,] -0.1457519673  0.2882213241 0.6763877
[213,]  0.0559117764  0.9996988208 0.2932358
[214,]  0.0190034910  0.2686002625 0.8145692
[215,]  0.0243824900  0.2881990516 1.5365821
[216,] -0.0401282808  0.4528607762 0.9668268
[217,] -0.0341317224  0.2442236691 0.8963907
[218,]  0.0623205213  0.4587384230 0.7631720
[219,]  0.0549689288  0.2498786491 0.8621846
[220,] -0.0570413089  0.4854517783 0.5469544
[221,] -0.0187632376  0.5280951367 0.9025802
[222,] -0.0730318305  0.3702116257 0.6987080
[223,] -0.1048180455  0.2687286108 0.5387278
[224,]  0.2535759375  0.5195803164 0.6947458
[225,]  0.0259685788  0.6278563963 0.8788388
[226,]  0.2172421480  0.5345435181 0.8135850
[227,] -0.0750950636  0.4715098783 0.8286114
[228,] -0.1386581615  0.3522152012 0.6928224
[229,] -0.0649452757  0.4599422851 0.8466221
[230,]  0.0410984988  0.3521078822 0.4755307
[231,]  0.0535483607  0.6271836277 0.7914039
[232,]  0.0332006132  0.1820996759 0.8526083
[233,] -0.1489596267  0.2075625690 0.4938647
[234,] -0.0696738246  0.4372830298 0.8090971
[235,] -0.3098122527  0.4912762334 0.5840364
[236,]  0.0272776865  0.4370699445 0.8703271
[237,] -0.2819268051  0.4657126815 0.9327124
[238,]  0.2986061403  0.2941880192 0.7830921
[239,] -0.1604482294  0.8379417894 0.7461730
[240,]  0.0794252784  0.4807804624 0.8785896
[241,] -0.1445914361  0.2217491495 0.7808973
[242,] -0.2523893153  0.5811850416 0.7048053
[243,] -0.0357437049  0.7203624927 1.0766720
[244,]  0.1322419704  0.2289862524 0.6210690
[245,]  0.1456475724  0.6851621698 1.1884251
[246,] -0.1001712156 -0.0125688197 0.7145996
[247,]  0.0097457284  0.5638836911 1.1933163
[248,]  0.0625100136  0.4443481723 0.3566513
[249,]  0.0004993150  0.7839854401 1.0541412
[250,] -0.0734114096  0.6123876983 1.2500034
[251,] -0.0340096721  0.3715997385 0.8147451
[252,] -0.1685471625  0.3595270285 0.6564400
[253,] -0.0770098879 -0.3300499032 0.4351019
[254,]  0.1771818599  0.3149398275 0.9126477
[255,] -0.0730214898  0.4057244978 0.6433686
[256,]  0.0455092295  0.2588004444 0.8190870
[257,] -0.1916470168  0.3171732796 0.8335471
[258,] -0.0217255351  0.3828049908 0.7517485
[259,] -0.1334392287  0.1651578253 0.5564478
[260,] -0.0560815656  0.8159704241 1.3817803
[261,] -0.0827786665  0.5768880893 0.9766083
[262,] -0.0515721786  0.3795361644 0.5747610
[263,] -0.1039270765  0.4694012584 0.8439823
[264,] -0.1550318905  0.3523539305 0.8289013
[265,] -0.1230336194  0.3067977556 0.7027966
[266,]  0.1698450378 -0.1987170935 0.8471959
[267,]  0.0679343572  0.3306853377 0.6598813
[268,]  0.0698628439  0.4484934207 0.5984137
[269,] -0.1218079311  0.2778740981 0.7818051
[270,]  0.0806842078  0.4723390482 0.8367580
[271,]  0.1176868770  0.7300887817 0.7579426
[272,]  0.0183636427  0.0628363038 0.4042012
[273,]  0.0583222511  0.5866076873 0.8198441
[274,]  0.0292744467  0.6597067223 0.8995003
[275,]  0.0059644194  0.2955565569 0.5942823
[276,]  0.0260638871  0.2738970067 0.5779366
[277,] -0.0084652868  0.3740721397 0.4570561
[278,]  0.0237321185  0.6142549950 0.8613450
[279,] -0.1530777721 -0.0431902410 0.3965070
[280,] -0.0543563303  0.6654344408 0.8491051
[281,]  0.0908318598  0.5162753839 0.6912978
[282,]  0.3239152146  0.2188407116 1.2587753
[283,] -0.0445923242  0.3575044989 1.0519388
[284,]  0.0905846086  0.5628795070 0.8594511
[285,] -0.0161572086  0.2218771453 0.6619649
[286,] -0.0423688301  0.5419809952 1.0864925
[287,]  0.1909150070  0.3769224533 0.9813214
[288,]  0.0438038454  0.5850287644 1.0563089
[289,] -0.0135444909  0.2267855601 0.5320070
[290,]  0.0318215773  0.3713849441 0.7363460
[291,] -0.2789736051  0.5780156908 0.7436721
[292,] -0.0911382112  0.5416267480 0.6020765
[293,]  0.0441606389  0.6274080105 0.8352486
[294,] -0.1466303817  0.2173313041 0.4084540
[295,] -0.0774923395  0.2103541699 0.6039125
[296,]  0.1057209830  0.4039393928 0.8518278
[297,]  0.0383144305  0.4554659541 0.7768000
[298,]  0.2353386332  0.7590805834 1.7152574
[299,] -0.3262997876  0.4081597383 0.7391565
[300,] -0.0711458335  0.4657449571 0.7275827
[301,]  0.0310946921  0.4131477733 0.6288189
[302,]  0.0881099417  0.2851344774 0.7812957
[303,] -0.0539612364  0.3175638011 0.7399884
[304,] -0.0550564155  0.4174339026 0.6200082
[305,] -0.0942922324  0.6514954385 1.2869454
[306,] -0.0838961200  0.6345544834 0.8907216
[307,]  0.0179773690 -0.0531261079 0.2206559
[308,] -0.0608569770  0.3770785140 0.7439587
[309,] -0.0506831404  0.5516060902 0.5084316
[310,] -0.0570383910  0.6359098357 0.9365794
[311,] -0.0722551834  0.1244231556 0.7291841
[312,] -0.0097801322  0.5619670343 0.7817815
[313,]  0.0059459688  0.5417835144 0.8119867
[314,] -0.2781021143  0.1026730605 0.6735119
[315,]  0.2088698335  0.6007805118 0.8820257
[316,]  0.0983381584  1.0605374353 1.3310907
[317,] -0.0026035329  0.7253494025 0.9820691
[318,]  0.0909653662  0.4841071424 0.5986366
[319,] -0.0536343329  0.3581013014 0.5225501
[320,]  0.2240093618  0.5090933387 0.4765125
[321,] -0.0740942513  0.2624996115 0.9141080
[322,]  0.1121015786  0.1225937052 0.9252235
[323,] -0.0552824898  0.2070399791 0.3717220
[324,]  0.1320765021  0.4658312862 1.0899917
[325,]  0.2115199283  0.5563024853 1.4560425
[326,]  0.1709145317  0.5538928395 0.9159626
[327,]  0.0087119334  0.3233918784 0.3913263
[328,]  0.0503516619  0.2277888902 0.6793938
[329,]  0.1383092039  0.3055743610 0.6633381
[330,]  0.0646081898  0.2652522273 1.0743504
[331,] -0.2713315102  0.2590694125 0.6243097
[332,]  0.1288328473  0.3570840271 0.7527084
[333,]  0.0249100180  0.1669873454 0.7399211
[334,]  0.0454669678  0.6649961007 0.9750963
[335,] -0.1946849675  0.4996935166 0.6863785
[336,]  0.0897978142  0.4850595564 0.7787386
[337,] -0.0612188044  0.2198372998 0.8000659
[338,] -0.0525369125  0.5672120946 0.7538939
[339,]  0.0509654262 -0.0264409797 0.4053062
[340,]  0.1577446959  0.5232559394 0.9012365
[341,]  0.1733250945  0.4088734499 0.8861879
[342,]  0.0952628141  0.5149383238 1.1364879
[343,] -0.0130835604  0.1577169631 0.8330722
[344,]  0.1061695310  0.2582946342 1.0683847
[345,]  0.1283858965  0.3431481712 0.7608905
[346,]  0.0167916362  0.8212635202 1.0211166
[347,]  0.0633091407  0.3535582650 0.4811047
[348,] -0.0920465122  0.4926399386 0.6738898
[349,] -0.0182540591  0.1775738189 0.5604574
[350,] -0.0747137854  0.5502533458 0.9722706
[351,] -0.0465775160  0.2368897357 0.5740192
[352,] -0.1554928760  0.1902559137 0.8222382
[353,] -0.0001390773  0.3496537018 0.8908526
[354,] -0.0665249253  0.5590051503 0.8295953
[355,] -0.0721717454  0.6569027301 0.8712512
[356,]  0.2296251893  0.5081606482 0.8096591
[357,]  0.2270219697  0.7496077599 1.0744268
[358,] -0.0376523814 -0.0504741584 0.5675662
[359,] -0.2056550242  0.5821166966 1.0473654
[360,]  0.0104729803  0.3818522941 0.7010858
[361,]  0.1542972337  0.4555421735 0.8257765
[362,] -0.0971659001  0.4940345376 0.8659792
[363,]  0.0492146317  0.4773429670 0.8444577
[364,]  0.0978392464  0.2741485086 0.9245817
[365,]  0.1102110915  0.2003949530 0.7305746
[366,]  0.0911700677  0.4064115743 0.6329400
[367,]  0.0512831466  0.4037012892 0.7248779
[368,] -0.0779163172  0.1843762515 0.5932392
[369,] -0.0610250034  0.5988120646 1.0065761
[370,] -0.0164761518 -0.0925205742 1.1328795
[371,]  0.2748021996  0.5146768565 0.9107038
[372,] -0.0504268712  0.3811316047 0.7722636
[373,] -0.0019229457  0.3539539031 0.7679769
[374,] -0.1531133354  0.5347259582 0.6003337
[375,]  0.2353696832  0.2326790723 1.3764869
[376,] -0.0218949339  0.6263571786 0.8903091
[377,] -0.0575865677  0.3261392737 0.5695427
[378,]  0.1363026099  0.4669789939 0.8426382
[379,] -0.1394760229  1.2066790582 1.6235948
[380,]  0.0133401527  0.2906111822 0.7894527
[381,]  0.2198348525  0.3584552552 1.1795378
[382,] -0.0457052940  0.3440986410 0.6507181
[383,] -0.0194593729  0.3778285478 1.0918910
[384,]  0.0647338429  0.4668381939 0.8289380
[385,] -0.1133363990  0.3672776593 1.2351015
[386,] -0.2091974153  0.1010473438 0.4759724
[387,] -0.0034223543  0.4940358092 0.8516686
[388,] -0.1327461679  0.2994616531 0.5484714
[389,] -0.0529775156  0.2174576860 1.2482022
[390,] -0.0511844654  0.3836888467 0.8720917
[391,] -0.2375207708  0.2228711325 0.5175940
[392,]  0.2145293631  0.1851368362 0.6729122
[393,] -0.0427407990  0.2316869493 0.6925080
[394,]  0.1242311571  0.4386932700 0.9026469
[395,]  0.0137613245  0.2113380044 0.7907193
[396,]  0.1666686081  0.6598799000 1.3524100
[397,] -0.0464189069  0.5381938055 0.7941115
[398,] -0.0342433870  0.4005265317 0.9369315
[399,] -0.0301927271  0.3342366842 0.5385328
[400,] -0.1660759380  0.3594129252 0.7287107
[401,] -0.0219941695  0.3457006589 1.0788361
[402,] -0.1601519306  0.3514525970 1.1658306
[403,]  0.0678753498  0.3973287620 0.7777739
[404,] -0.0792018989  0.4474851457 0.5715303
[405,] -0.1372331378  0.5392340510 0.6611537
[406,]  0.2088797468  0.4869197754 0.9274792
[407,] -0.0700725045  0.4662500398 0.9610410
[408,] -0.0704832387  0.2882386240 0.4849298
[409,]  0.2230316709  0.5383765737 0.8565400
[410,] -0.2745028330  0.7648463988 1.2460490
[411,] -0.1851476720  0.6182884268 0.8099442
[412,]  0.1061218454  0.4251273867 0.9084585
[413,] -0.2589904855  0.5831374258 0.4243221
[414,]  0.1185423186  0.3491309881 0.7833086
[415,] -0.0253939282  0.5721214201 1.3066566
[416,]  0.0095959504  0.4113870445 0.7054243
[417,] -0.2001396570  0.4931352394 0.2896511
[418,] -0.0098401421  0.6933311326 0.7578413
[419,]  0.0196764467  0.4618714787 1.1342511
[420,] -0.1021029498  0.4728256591 0.8557954
[421,] -0.1199616843  0.1789004014 0.7183082
[422,] -0.0777200884  0.1177714042 0.7693624
[423,]  0.0776808530  0.4332239018 1.2818173
[424,] -0.1381280137  0.1900899856 0.6030840
[425,] -0.2673879406  0.3685153184 0.6333965
[426,]  0.0761913419  0.2263824629 0.5630157
[427,] -0.2344549281  0.3492442682 0.7200318
[428,]  0.0309458861  0.3017984460 0.8702215
[429,] -0.1090614924  0.1412964853 0.3511597
[430,] -0.1010939971  0.2131644051 0.8113766
[431,] -0.0975301849  0.2583404990 0.8365155
[432,]  0.0959240931  0.1995235024 0.6261991
[433,]  0.1537603481  0.3978572664 1.0473035
[434,]  0.2599006401  0.2612727330 0.9039984
[435,]  0.0311319174  0.3184497121 0.6159129
[436,]  0.0213482188  0.1648316857 0.6988105
[437,]  0.1308957399  0.1826352992 0.8869979
[438,]  0.0304680678  0.4451708448 0.8694813
[439,] -0.1394485375  0.6019351737 0.7051113
[440,]  0.1057686456  0.2740919181 0.9185912
[441,] -0.0256483931  0.0691004821 0.7533823
[442,] -0.0637108318  0.3428514121 0.8112813
[443,]  0.2065055186  0.5352680799 0.8169618
[444,] -0.2017890263 -0.1530988278 0.6204515
[445,] -0.0542668506  0.2170577589 0.9816182
[446,] -0.0810829005  0.3872093789 0.7881654
[447,] -0.1064571149  0.1422333524 0.5713994
[448,]  0.0217598521  0.3748980288 0.5079117
[449,] -0.1105560364  0.6469106147 0.6267147
[450,] -0.0032542672  0.4102011280 0.7239732
[451,]  0.0762433668  0.2639368892 0.8634379
[452,] -0.2350752786  0.4564974701 0.9453834
[453,]  0.0901567718  0.3326188919 1.0052325
[454,] -0.1424931696  0.4431971356 0.6326657
[455,] -0.0553694880  0.3572691855 0.9210292
[456,]  0.1457179559  0.3192468069 0.7806697
[457,] -0.0725272328  0.3749748958 0.9177877
[458,]  0.1798779626  0.5770209544 0.9980979
[459,]  0.0290928998  0.1000666751 0.5052268
[460,] -0.1330982496  0.7363309779 0.9933190
[461,] -0.0697112847  0.3154685573 0.7963887
[462,] -0.0142008216  0.4146210304 0.6612241
[463,] -0.1699416650  0.5858940635 0.8117578
[464,]  0.2002002065  0.4150405412 0.6659276
[465,]  0.0326196880  0.6499126722 0.8831443
[466,]  0.0798903386  0.8040797700 1.2177694
[467,]  0.0983043840  0.6221924879 0.7698041
[468,]  0.0227608461  0.5172727420 0.4630391
[469,] -0.1551734445  0.1858679268 0.2656094
[470,] -0.0991140759  0.8680750796 1.0436442
[471,]  0.2165506917  0.4033006757 0.5660715
[472,] -0.0155213171  0.5056349466 0.9275798
[473,] -0.0089020591  0.3311145415 0.9020077
[474,] -0.0305286829  0.4440159291 0.6096823
[475,]  0.0098065678  0.4520443709 0.8034430
[476,]  0.2241817550  0.1712228667 0.2595959
[477,]  0.2563171235  0.3362940109 0.7507243
[478,] -0.0016903043  0.6030057206 1.0688026
[479,] -0.2157794406  1.3340791709 1.1534206
[480,] -0.0990118234  0.4451019362 0.8149735
[481,]  0.0271799072  0.6518181855 0.7093400
[482,] -0.0705228929  0.1116004519 0.7172126
[483,] -0.1198120162  0.5395425700 0.9944020
[484,] -0.0117242455  0.3277007709 0.7599510
[485,] -0.0983710356  0.4306097355 0.6346621
[486,] -0.0037631578  0.2724364202 0.7087245
[487,]  0.0369945830  0.4974688033 0.7084870
[488,]  0.2123430482  0.0360919218 0.4160346
[489,] -0.0870005578  0.3677941000 0.5625729
[490,] -0.1299425849  0.1812371636 0.5869890
[491,]  0.1199717280  0.0964948758 0.6835967
[492,] -0.1823550343  0.5293664418 0.8798313
[493,]  0.1038458023  0.8834827191 1.2167997
[494,] -0.0242127824  0.4427201924 0.9060140
[495,]  0.0263995179  0.3360870126 0.7414670
[496,] -0.0099033010  0.6403725462 0.7463292
[497,] -0.1442382840  0.3333266075 1.0448457
[498,] -0.0212352409  0.1246965185 0.6832747
[499,]  0.1936974972 -0.0405308740 0.1960982
[500,] -0.0477626232  0.4003917708 0.8607379

