$RE_RF
[1] 4.746861

$RE_CXls
[1] 3.343852

$RF_2_imput
                 [,1]
Q1_bias    0.04642299
mean_bias -0.00359154
Q3_bias   -0.05316185
MSE        0.45635576

$CXls_imput
                  [,1]
Q1_bias    0.095036937
mean_bias -0.002343606
Q3_bias   -0.102097883
MSE        0.193147431

$bias_sd_OLS
                  beta.t         bias       Esd       Asd    CP
(Intercept) 0.0009825309 -0.004219569 0.1201548 0.1212767 0.958
X1          0.3668457786  0.004396738 0.2115092 0.2015624 0.944
X2          0.3677434625 -0.002948574 0.2067200 0.2005235 0.950

$bias_sd_RF
                  beta.t         bias         sd
(Intercept) 0.0009825309 -0.004693084 0.07856475
X1          0.3668457786 -0.007237962 0.09181118
X2          0.3677434625  0.002281560 0.08244006

$bias_sd_CXls
                  beta.t         bias        Esd     Asd_IF    CP  RE_beta
(Intercept) 0.0009825309 -0.003528304 0.07714603 0.07837846 0.962 1.062781
X1          0.3668457786  0.005299608 0.11279885 0.10829517 0.934 3.511607
X2          0.3677434625  0.001876446 0.10849088 0.10778995 0.948 3.630253

$pcd_OLS
[1] 0.8677445 0.1175237

$VF_OLS
[1] 0.24898422 0.07689082

$pcd_RF
[1] 0.93329364 0.03833257

$VF_RF
[1] 0.28764827 0.01417908

$pcd_CXls
[1] 0.92823945 0.04659018

$VF_Cxls
[1] 0.2845217 0.0229364

$VF_0
  mean_V0     sd_V0 
0.3118599 1.4839623 

$VF_B0
 mean_VB0    sd_VB0 
0.3009749 1.4876344 

$PCD_vals_RF
  [1] 0.9802727 0.9329091 0.9063636 0.9770909 0.9824545 0.8877273 0.8675455
  [8] 0.9859091 0.9127273 0.9900000 0.9214545 0.9658182 0.9262727 0.8740000
 [15] 0.9657273 0.9024545 0.8679091 0.9709091 0.9775455 0.9564545 0.9855455
 [22] 0.9694545 0.9850000 0.9611818 0.9480909 0.9916364 0.9390000 0.9559091
 [29] 0.9010909 0.9553636 0.9442727 0.9527273 0.9459091 0.9677273 0.9595455
 [36] 0.9761818 0.9386364 0.9785455 0.9522727 0.8948182 0.9666364 0.9122727
 [43] 0.8928182 0.9311818 0.8759091 0.9735455 0.8830000 0.9278182 0.9305455
 [50] 0.9271818 0.9280909 0.9156364 0.9628182 0.9603636 0.9274545 0.8916364
 [57] 0.8866364 0.9694545 0.9637273 0.9608182 0.9190909 0.9402727 0.8844545
 [64] 0.8780909 0.9814545 0.9677273 0.9397273 0.9783636 0.8750909 0.8876364
 [71] 0.9039091 0.9684545 0.9438182 0.9391818 0.9363636 0.9451818 0.9392727
 [78] 0.9229091 0.9494545 0.9645455 0.9004545 0.9470909 0.8585455 0.9432727
 [85] 0.9422727 0.8773636 0.9620909 0.8576364 0.8385455 0.9721818 0.9515455
 [92] 0.8956364 0.9136364 0.8883636 0.9825455 0.8794545 0.9623636 0.9104545
 [99] 0.8829091 0.9730000 0.9123636 0.9546364 0.9464545 0.9420000 0.9624545
[106] 0.9520909 0.9241818 0.8940000 0.9584545 0.9374545 0.9189091 0.9648182
[113] 0.8953636 0.8935455 0.9411818 0.9660000 0.9847273 0.9781818 0.8856364
[120] 0.9473636 0.9348182 0.8578182 0.9069091 0.9521818 0.9693636 0.9664545
[127] 0.9131818 0.7938182 0.8550909 0.9682727 0.9322727 0.9627273 0.9670000
[134] 0.9732727 0.9250000 0.9376364 0.9462727 0.9276364 0.9518182 0.9136364
[141] 0.9646364 0.9294545 0.8854545 0.8720909 0.8690000 0.9423636 0.8303636
[148] 0.8372727 0.9452727 0.8160909 0.9435455 0.9490000 0.9665455 0.9284545
[155] 0.9126364 0.9733636 0.9638182 0.9805455 0.9466364 0.9624545 0.8239091
[162] 0.9549091 0.9370000 0.8337273 0.9416364 0.9412727 0.9962727 0.9498182
[169] 0.9593636 0.9411818 0.9184545 0.9843636 0.9173636 0.8733636 0.9141818
[176] 0.8733636 0.9214545 0.9671818 0.9892727 0.9918182 0.9263636 0.9258182
[183] 0.8568182 0.9388182 0.9105455 0.9316364 0.9099091 0.9058182 0.9395455
[190] 0.9490909 0.9809091 0.9167273 0.9488182 0.9733636 0.9330000 0.9767273
[197] 0.9814545 0.9093636 0.9720000 0.9866364 0.8805455 0.9008182 0.8739091
[204] 0.9543636 0.8133636 0.9609091 0.9247273 0.9010909 0.8864545 0.9715455
[211] 0.9179091 0.9504545 0.9503636 0.9246364 0.9420000 0.9032727 0.9172727
[218] 0.8998182 0.9749091 0.8633636 0.9620909 0.9009091 0.9674545 0.9418182
[225] 0.9188182 0.8383636 0.9413636 0.9490909 0.9432727 0.8677273 0.9259091
[232] 0.9065455 0.9257273 0.9835455 0.9318182 0.9551818 0.9616364 0.8886364
[239] 0.9551818 0.9937273 0.9119091 0.8285455 0.9481818 0.9568182 0.9630909
[246] 0.9104545 0.9643636 0.9681818 0.9106364 0.9376364 0.9355455 0.9158182
[253] 0.8759091 0.9643636 0.9720909 0.9405455 0.9260000 0.9474545 0.9536364
[260] 0.9742727 0.9500000 0.9725455 0.9645455 0.9306364 0.9560000 0.8850909
[267] 0.9520909 0.9744545 0.9646364 0.8801818 0.9435455 0.9422727 0.9296364
[274] 0.9720909 0.9802727 0.9574545 0.9206364 0.9008182 0.8758182 0.9844545
[281] 0.9425455 0.8426364 0.9443636 0.9314545 0.9174545 0.9910000 0.9540909
[288] 0.8932727 0.9171818 0.8928182 0.9671818 0.9288182 0.9128182 0.8915455
[295] 0.9654545 0.9644545 0.9133636 0.9593636 0.8994545 0.9055455 0.8834545
[302] 0.9817273 0.9641818 0.9520000 0.8136364 0.9290909 0.8958182 0.9844545
[309] 0.9412727 0.9245455 0.9570000 0.9770000 0.9676364 0.9539091 0.8926364
[316] 0.9251818 0.8711818 0.9578182 0.9616364 0.9456364 0.9061818 0.8627273
[323] 0.9144545 0.9662727 0.9789091 0.9208182 0.9638182 0.9710000 0.9483636
[330] 0.9445455 0.9545455 0.9740000 0.9240000 0.9497273 0.9616364 0.9210000
[337] 0.8058182 0.9061818 0.9093636 0.9665455 0.8378182 0.9700909 0.8597273
[344] 0.9449091 0.9250909 0.9382727 0.9734545 0.9729091 0.9186364 0.9493636
[351] 0.9657273 0.9637273 0.9370000 0.8942727 0.9644545 0.8785455 0.8981818
[358] 0.9202727 0.9171818 0.9735455 0.9011818 0.8985455 0.9100000 0.9753636
[365] 0.9453636 0.9367273 0.9606364 0.9592727 0.9749091 0.9460000 0.9775455
[372] 0.9080000 0.8857273 0.8688182 0.9271818 0.8801818 0.9687273 0.9470909
[379] 0.9505455 0.9306364 0.9379091 0.9250909 0.9569091 0.9072727 0.9351818
[386] 0.9850909 0.9393636 0.9708182 0.9613636 0.9299091 0.9799091 0.9349091
[393] 0.8559091 0.9609091 0.9546364 0.9634545 0.9748182 0.9464545 0.9810909
[400] 0.9098182 0.8902727 0.9211818 0.9592727 0.9199091 0.9329091 0.9390000
[407] 0.8806364 0.8366364 0.9268182 0.9202727 0.9127273 0.9111818 0.9717273
[414] 0.9216364 0.9420000 0.9247273 0.9511818 0.9038182 0.9152727 0.9303636
[421] 0.9371818 0.9497273 0.9463636 0.9395455 0.8961818 0.9394545 0.9237273
[428] 0.9837273 0.9810909 0.9588182 0.9544545 0.9750000 0.9306364 0.9602727
[435] 0.8965455 0.9819091 0.9631818 0.9181818 0.9035455 0.9810000 0.9592727
[442] 0.9644545 0.9565455 0.8714545 0.9780000 0.9502727 0.9399091 0.9700000
[449] 0.9629091 0.9603636 0.9794545 0.9015455 0.9914545 0.8475455 0.9668182
[456] 0.9055455 0.9346364 0.9332727 0.9597273 0.9271818 0.9788182 0.9693636
[463] 0.9770000 0.9854545 0.9661818 0.8936364 0.9738182 0.9755455 0.8810909
[470] 0.8250909 0.8760000 0.9684545 0.9010000 0.8800909 0.9160000 0.9505455
[477] 0.8933636 0.8699091 0.9830909 0.9489091 0.9830909 0.9612727 0.8506364
[484] 0.9378182 0.9777273 0.9214545 0.9217273 0.9339091 0.9430909 0.9744545
[491] 0.9466364 0.9674545 0.9317273 0.9100909 0.9629091 0.9401818 0.9428182
[498] 0.9196364 0.9331818 0.8533636

$PCD_vals_CXLS
  [1] 0.9780909 0.9117273 0.8675455 0.9390000 0.9707273 0.8946364 0.8202727
  [8] 0.9649091 0.8898182 0.9700000 0.9652727 0.9382727 0.9541818 0.8781818
 [15] 0.9229091 0.8473636 0.9262727 0.9518182 0.9782727 0.9252727 0.9426364
 [22] 0.9560909 0.9300000 0.9627273 0.9464545 0.9836364 0.9145455 0.9441818
 [29] 0.8746364 0.9646364 0.9386364 0.9408182 0.9730909 0.8908182 0.9433636
 [36] 0.9529091 0.9553636 0.9817273 0.9296364 0.9065455 0.9731818 0.9190909
 [43] 0.9845455 0.8922727 0.9892727 0.9742727 0.8757273 0.9336364 0.9675455
 [50] 0.9469091 0.9423636 0.9339091 0.9534545 0.9943636 0.9428182 0.8195455
 [57] 0.8988182 0.9780909 0.9859091 0.9280000 0.8738182 0.8758182 0.8985455
 [64] 0.8908182 0.9274545 0.9721818 0.9083636 0.9890000 0.8922727 0.8811818
 [71] 0.9021818 0.9499091 0.9212727 0.9228182 0.9678182 0.9545455 0.9398182
 [78] 0.9589091 0.9700000 0.9482727 0.8868182 0.9390000 0.9789091 0.9806364
 [85] 0.9312727 0.8470000 0.9573636 0.8856364 0.9049091 0.9397273 0.9323636
 [92] 0.9407273 0.9436364 0.8930000 0.9873636 0.8995455 0.9844545 0.9060000
 [99] 0.9058182 0.8550909 0.8861818 0.9646364 0.9501818 0.9462727 0.9689091
[106] 0.9625455 0.9457273 0.9149091 0.9553636 0.9607273 0.9248182 0.8372727
[113] 0.8608182 0.9202727 0.9442727 0.9739091 0.9799091 0.9860909 0.8991818
[120] 0.9602727 0.8902727 0.8574545 0.9580000 0.9499091 0.8926364 0.9915455
[127] 0.9351818 0.9153636 0.7599091 0.9900909 0.9113636 0.9703636 0.9555455
[134] 0.9688182 0.9084545 0.9508182 0.9169091 0.8540909 0.9424545 0.9212727
[141] 0.9381818 0.9414545 0.9441818 0.9402727 0.8073636 0.9522727 0.8187273
[148] 0.8183636 0.9160909 0.8214545 0.9447273 0.9576364 0.9820909 0.9548182
[155] 0.9374545 0.9449091 0.9268182 0.9570000 0.8980909 0.9475455 0.8817273
[162] 0.9351818 0.9500909 0.8970000 0.9770909 0.9767273 0.9583636 0.6966364
[169] 0.9336364 0.8942727 0.9363636 0.9538182 0.9176364 0.8570909 0.8452727
[176] 0.7556364 0.9266364 0.9471818 0.9939091 0.9675455 0.9616364 0.9710000
[183] 0.8234545 0.9450909 0.9292727 0.9570000 0.9377273 0.9012727 0.9693636
[190] 0.9445455 0.9416364 0.9631818 0.9580909 0.9615455 0.9910000 0.8744545
[197] 0.9399091 0.9532727 0.9830000 0.9679091 0.9077273 0.9683636 0.8827273
[204] 0.9240909 0.8691818 0.9098182 0.9103636 0.8677273 0.9275455 0.9540909
[211] 0.8457273 0.9009091 0.9418182 0.8944545 0.9659091 0.9665455 0.9082727
[218] 0.7633636 0.9950909 0.9203636 0.9628182 0.9016364 0.9844545 0.9489091
[225] 0.9452727 0.8721818 0.9489091 0.8878182 0.9193636 0.8935455 0.8808182
[232] 0.9813636 0.8853636 0.9739091 0.8979091 0.9430000 0.8993636 0.8940909
[239] 0.9689091 0.9710000 0.9373636 0.8228182 0.9508182 0.9840000 0.9680909
[246] 0.9255455 0.9482727 0.9827273 0.9366364 0.9306364 0.9610000 0.8939091
[253] 0.7420909 0.8015455 0.9388182 0.8754545 0.9308182 0.9039091 0.9356364
[260] 0.9365455 0.9231818 0.9561818 0.9276364 0.9313636 0.9323636 0.9909091
[267] 0.9221818 0.9698182 0.9602727 0.9332727 0.9488182 0.9186364 0.9170909
[274] 0.9841818 0.9675455 0.9410909 0.7399091 0.9231818 0.8736364 0.9768182
[281] 0.9646364 0.8178182 0.9582727 0.9076364 0.8961818 0.9332727 0.9293636
[288] 0.8919091 0.9154545 0.8963636 0.9781818 0.9350000 0.9199091 0.9301818
[295] 0.9517273 0.8583636 0.9035455 0.9489091 0.9226364 0.9382727 0.5861818
[302] 0.9549091 0.9568182 0.9754545 0.7666364 0.9189091 0.9096364 0.9406364
[309] 0.9452727 0.9739091 0.9627273 0.9503636 0.9651818 0.9733636 0.8793636
[316] 0.9349091 0.9098182 0.9476364 0.9488182 0.9726364 0.7896364 0.9118182
[323] 0.9267273 0.9367273 0.9416364 0.9898182 0.9509091 0.9626364 0.9359091
[330] 0.9720000 0.9616364 0.9918182 0.8680909 0.8831818 0.9748182 0.9161818
[337] 0.8508182 0.8863636 0.9537273 0.9541818 0.8531818 0.9779091 0.8756364
[344] 0.9692727 0.9443636 0.9508182 0.9587273 0.9543636 0.9266364 0.9160000
[351] 0.9808182 0.9664545 0.9087273 0.9287273 0.9734545 0.9241818 0.8708182
[358] 0.9191818 0.9390909 0.9544545 0.9268182 0.9270000 0.9062727 0.9305455
[365] 0.9503636 0.8939091 0.9808182 0.9636364 0.9786364 0.9628182 0.9640909
[372] 0.9189091 0.9220909 0.9703636 0.9093636 0.9066364 0.9746364 0.9595455
[379] 0.9354545 0.9266364 0.9508182 0.8838182 0.9547273 0.9338182 0.8752727
[386] 0.9329091 0.9485455 0.9639091 0.9470909 0.8689091 0.9629091 0.8950909
[393] 0.8398182 0.9723636 0.9210909 0.9414545 0.9606364 0.9730000 0.9577273
[400] 0.9711818 0.8687273 0.8753636 0.9558182 0.9297273 0.9205455 0.9616364
[407] 0.8818182 0.8725455 0.9603636 0.9305455 0.9496364 0.9151818 0.9863636
[414] 0.9064545 0.9358182 0.9158182 0.8970909 0.8514545 0.9373636 0.9616364
[421] 0.8998182 0.9364545 0.9489091 0.9892727 0.9222727 0.9250909 0.9005455
[428] 0.9412727 0.9575455 0.8946364 0.9355455 0.9819091 0.9370909 0.9398182
[435] 0.9332727 0.9862727 0.9530000 0.8515455 0.9145455 0.9116364 0.9059091
[442] 0.9459091 0.9330909 0.9018182 0.9107273 0.9581818 0.9772727 0.9535455
[449] 0.9615455 0.9257273 0.9567273 0.9240909 0.9337273 0.8541818 0.9867273
[456] 0.9090000 0.9065455 0.9023636 0.9502727 0.9250000 0.9710909 0.9410000
[463] 0.9326364 0.9464545 0.9469091 0.8946364 0.9263636 0.9740909 0.8569091
[470] 0.9281818 0.9104545 0.9782727 0.8698182 0.9075455 0.9332727 0.9676364
[477] 0.9233636 0.9581818 0.9586364 0.9460000 0.9759091 0.9692727 0.9183636
[484] 0.9051818 0.9680000 0.9410909 0.9515455 0.9647273 0.9502727 0.9374545
[491] 0.8943636 0.9838182 0.9257273 0.9363636 0.9123636 0.9295455 0.9560000
[498] 0.8593636 0.9225455 0.9209091

$PCD_vals_oLS
  [1] 0.8420000 0.6346364 0.9141818 0.9052727 0.9458182 0.8390909 0.5466364
  [8] 0.9115455 0.8863636 0.9317273 0.9520000 0.7282727 0.9390000 0.5091818
 [15] 0.9321818 0.3774545 0.7331818 0.8366364 0.9610909 0.9258182 0.4835455
 [22] 0.9885455 0.9590000 0.9824545 0.9354545 0.9588182 0.8304545 0.9425455
 [29] 0.8188182 0.9834545 0.7057273 0.9203636 0.9759091 0.9508182 0.9570000
 [36] 0.9367273 0.8748182 0.9199091 0.8366364 0.9082727 0.9223636 0.9687273
 [43] 0.5374545 0.8869091 0.5302727 0.8477273 0.8469091 0.9952727 0.9213636
 [50] 0.9250909 0.9442727 0.9220909 0.9318182 0.8391818 0.9752727 0.6057273
 [57] 0.8372727 0.9214545 0.9352727 0.8710909 0.7478182 0.8689091 0.6953636
 [64] 0.8988182 0.9522727 0.9316364 0.8250909 0.9767273 0.8568182 0.8091818
 [71] 0.8814545 0.7497273 0.9769091 0.7837273 0.8620000 0.9022727 0.9780000
 [78] 0.8450000 0.9131818 0.9310909 0.5532727 0.9628182 0.8395455 0.9340909
 [85] 0.8730909 0.7721818 0.9063636 0.7522727 0.8679091 0.9905455 0.8120909
 [92] 0.8860000 0.9169091 0.8539091 0.9612727 0.9371818 0.5156364 0.9036364
 [99] 0.8459091 0.6800909 0.8168182 0.9737273 0.9114545 0.9378182 0.9420000
[106] 0.8998182 0.8670909 0.8994545 0.9461818 0.8980909 0.9056364 0.3070909
[113] 0.9018182 0.9191818 0.9143636 0.9025455 0.9243636 0.8873636 0.8598182
[120] 0.9309091 0.7816364 0.8293636 0.9460909 0.9542727 0.9415455 0.9897273
[127] 0.9539091 0.3851818 0.8930909 0.9543636 0.9693636 0.9200909 0.9710909
[134] 0.9680909 0.9496364 0.8229091 0.9459091 0.8100000 0.8929091 0.9402727
[141] 0.6465455 0.7711818 0.6210000 0.9535455 0.5375455 0.9004545 0.8126364
[148] 0.9191818 0.8548182 0.8113636 0.9008182 0.9473636 0.9555455 0.9471818
[155] 0.6669091 0.8944545 0.9407273 0.9414545 0.8667273 0.9259091 0.8330000
[162] 0.8860909 0.8570000 0.9731818 0.9643636 0.9380909 0.9346364 0.7009091
[169] 0.9806364 0.9118182 0.6150909 0.9705455 0.9108182 0.8073636 0.6649091
[176] 0.5424545 0.8310909 0.8611818 0.9536364 0.8781818 0.8358182 0.8632727
[183] 0.7923636 0.7146364 0.9359091 0.9392727 0.9528182 0.8990909 0.9210909
[190] 0.9457273 0.9429091 0.9498182 0.9330909 0.9250909 0.8726364 0.7605455
[197] 0.8715455 0.9697273 0.9922727 0.9165455 0.8798182 0.8649091 0.9112727
[204] 0.8581818 0.5993636 0.9592727 0.8891818 0.7910909 0.6356364 0.8866364
[211] 0.5135455 0.7942727 0.8880909 0.8609091 0.9138182 0.8713636 0.8128182
[218] 0.7579091 0.9462727 0.7866364 0.9413636 0.8215455 0.8977273 0.9088182
[225] 0.7119091 0.8731818 0.8305455 0.9227273 0.8998182 0.8929091 0.8916364
[232] 0.9844545 0.6605455 0.6755455 0.8544545 0.9642727 0.9530909 0.8804545
[239] 0.9650909 0.9588182 0.9446364 0.8305455 0.9688182 0.9586364 0.9480909
[246] 0.9354545 0.9263636 0.8830909 0.9272727 0.8430909 0.9720000 0.9625455
[253] 0.7472727 0.8272727 0.9238182 0.3796364 0.8582727 0.8750000 0.6981818
[260] 0.8361818 0.9098182 0.9328182 0.5234545 0.8874545 0.8437273 0.7845455
[267] 0.7949091 0.9635455 0.9442727 0.8634545 0.8839091 0.8593636 0.9537273
[274] 0.8000909 0.8934545 0.9183636 0.5523636 0.9569091 0.8487273 0.9289091
[281] 0.9519091 0.6710000 0.8662727 0.8902727 0.8671818 0.7529091 0.5129091
[288] 0.9499091 0.9628182 0.5092727 0.7844545 0.9490909 0.8561818 0.9550000
[295] 0.9253636 0.8835455 0.8523636 0.8978182 0.7869091 0.8722727 0.4329091
[302] 0.8790000 0.9894545 0.9320909 0.7359091 0.8849091 0.7050000 0.9765455
[309] 0.9438182 0.8890909 0.9780909 0.9400000 0.9447273 0.9286364 0.7109091
[316] 0.9091818 0.8262727 0.7096364 0.9040909 0.9086364 0.7053636 0.8544545
[323] 0.7700000 0.9201818 0.9119091 0.9513636 0.9220000 0.9588182 0.9109091
[330] 0.9376364 0.9527273 0.8426364 0.7714545 0.9664545 0.9306364 0.9376364
[337] 0.9418182 0.9461818 0.7835455 0.9745455 0.8384545 0.9084545 0.8198182
[344] 0.9657273 0.9110909 0.9311818 0.8940000 0.9365455 0.9735455 0.9562727
[351] 0.8574545 0.9783636 0.9656364 0.7920000 0.7021818 0.5526364 0.7726364
[358] 0.8741818 0.9018182 0.9609091 0.9186364 0.8776364 0.9431818 0.9269091
[365] 0.9500000 0.9602727 0.9611818 0.9620000 0.9212727 0.9181818 0.9609091
[372] 0.8603636 0.8793636 0.8157273 0.7205455 0.9006364 0.9950000 0.8984545
[379] 0.8281818 0.9135455 0.9114545 0.9355455 0.9687273 0.7230000 0.9790909
[386] 0.8508182 0.9147273 0.8134545 0.9455455 0.8073636 0.9117273 0.9400000
[393] 0.9142727 0.9574545 0.8828182 0.9346364 0.7951818 0.9248182 0.9818182
[400] 0.8933636 0.8944545 0.6764545 0.9033636 0.9002727 0.8755455 0.9913636
[407] 0.8640909 0.6903636 0.9233636 0.9207273 0.9541818 0.8934545 0.9547273
[414] 0.9284545 0.8491818 0.9280000 0.9100909 0.8602727 0.9194545 0.9397273
[421] 0.9588182 0.9925455 0.9500000 0.9741818 0.9129091 0.9162727 0.9081818
[428] 0.8927273 0.9235455 0.9246364 0.8821818 0.9809091 0.8510000 0.9570000
[435] 0.8496364 0.9518182 0.9054545 0.9118182 0.7538182 0.9281818 0.9350000
[442] 0.9125455 0.8604545 0.8020909 0.9334545 0.9092727 0.7591818 0.9695455
[449] 0.7634545 0.9391818 0.9373636 0.7242727 0.9363636 0.8974545 0.7785455
[456] 0.7889091 0.9011818 0.8664545 0.9338182 0.8016364 0.9096364 0.5007273
[463] 0.9561818 0.9200909 0.9156364 0.6008182 0.8863636 0.9239091 0.8848182
[470] 0.9566364 0.9130000 0.8480909 0.5641818 0.6984545 0.9435455 0.8195455
[477] 0.8860000 0.8210000 0.9450909 0.9400909 0.9323636 0.9643636 0.9424545
[484] 0.9737273 0.9807273 0.9434545 0.9150000 0.9667273 0.1855455 0.8063636
[491] 0.9487273 0.9282727 0.9863636 0.9248182 0.8013636 0.9030000 0.9341818
[498] 0.8899091 0.6712727 0.9120000

$V_RF
  [1] 0.2997167 0.2878845 0.2772697 0.2993139 0.3000986 0.2716936 0.2602149
  [8] 0.3004688 0.2875948 0.3007694 0.2851133 0.2986909 0.2861466 0.2708471
 [15] 0.2978195 0.2794949 0.2572656 0.2985675 0.2998188 0.2957658 0.3005775
 [22] 0.2987399 0.3003981 0.2974570 0.2938468 0.3007888 0.2904187 0.2954093
 [29] 0.2768723 0.2958579 0.2951777 0.2940619 0.2942442 0.2978471 0.2978394
 [36] 0.2998216 0.2905516 0.3000617 0.2966902 0.2721098 0.2976435 0.2795324
 [43] 0.2747968 0.2867169 0.2726241 0.2993073 0.2655841 0.2887280 0.2888380
 [50] 0.2926187 0.2847546 0.2819364 0.2970879 0.2968560 0.2902967 0.2734394
 [57] 0.2783442 0.2987302 0.2970115 0.2967057 0.2885160 0.2912344 0.2641529
 [64] 0.2743631 0.3002811 0.2980059 0.2930935 0.2996654 0.2720016 0.2788586
 [71] 0.2758651 0.2980974 0.2950908 0.2945934 0.2896540 0.2936308 0.2922067
 [78] 0.2851610 0.2933313 0.2969157 0.2752452 0.2951326 0.2542000 0.2958303
 [85] 0.2925442 0.2693274 0.2982825 0.2605005 0.2363313 0.2989614 0.2939849
 [92] 0.2741734 0.2822822 0.2795594 0.3000358 0.2642825 0.2970829 0.2816512
 [99] 0.2669223 0.2986074 0.2865890 0.2965916 0.2947030 0.2946995 0.2968096
[106] 0.2953187 0.2892331 0.2747183 0.2966741 0.2924913 0.2823587 0.2977284
[113] 0.2713975 0.2726755 0.2917389 0.2977654 0.3006367 0.2997347 0.2700470
[120] 0.2939760 0.2912210 0.2675253 0.2792448 0.2952329 0.2983615 0.2984990
[127] 0.2879394 0.2025890 0.2574161 0.2986548 0.2884474 0.2980408 0.2984194
[134] 0.2990836 0.2852594 0.2896737 0.2928481 0.2900985 0.2962224 0.2882825
[141] 0.2973865 0.2921581 0.2734530 0.2585529 0.2607614 0.2952290 0.2319807
[148] 0.2390183 0.2957024 0.2400974 0.2934273 0.2954383 0.2981130 0.2907304
[155] 0.2870269 0.2989406 0.2984110 0.2998139 0.2960472 0.2970256 0.2457330
[162] 0.2962179 0.2911980 0.2446502 0.2920780 0.2924843 0.3009168 0.2968095
[169] 0.2957200 0.2921635 0.2871529 0.3003292 0.2890216 0.2635452 0.2809692
[176] 0.2631178 0.2852407 0.2983795 0.3007318 0.3008523 0.2865526 0.2872592
[183] 0.2492571 0.2905410 0.2839863 0.2892048 0.2795427 0.2874042 0.2943843
[190] 0.2931862 0.3003383 0.2826618 0.2951583 0.2987928 0.2895217 0.3002180
[197] 0.3004888 0.2814211 0.2992151 0.3004309 0.2647091 0.2761557 0.2735546
[204] 0.2977630 0.2399612 0.2965943 0.2854768 0.2845247 0.2665113 0.2989688
[211] 0.2883991 0.2931820 0.2963309 0.2856283 0.2947021 0.2744997 0.2877185
[218] 0.2753126 0.2991977 0.2609336 0.2982446 0.2797802 0.2981023 0.2939742
[225] 0.2873926 0.2546926 0.2913658 0.2961018 0.2937011 0.2565777 0.2858155
[232] 0.2806513 0.2902654 0.3004191 0.2913523 0.2961000 0.2983210 0.2710967
[239] 0.2953382 0.3008167 0.2821817 0.2348314 0.2924321 0.2953487 0.2967754
[246] 0.2809211 0.2982194 0.2991662 0.2800960 0.2913212 0.2895852 0.2827842
[253] 0.2639223 0.2974779 0.2990366 0.2911587 0.2913878 0.2950250 0.2946576
[260] 0.2993101 0.2960691 0.2992032 0.2971162 0.2866708 0.2975330 0.2662097
[267] 0.2949934 0.2993143 0.2978376 0.2733488 0.2957625 0.2950009 0.2862930
[274] 0.2986174 0.3002480 0.2964959 0.2902880 0.2753838 0.2683417 0.3003445
[281] 0.2921608 0.2509878 0.2950592 0.2878284 0.2824062 0.3007288 0.2967278
[288] 0.2723391 0.2857271 0.2738319 0.2973682 0.2895022 0.2803050 0.2779919
[295] 0.2971889 0.2976188 0.2878407 0.2968673 0.2806313 0.2803766 0.2648234
[302] 0.3002282 0.2987885 0.2947198 0.2414287 0.2881609 0.2783151 0.3005076
[309] 0.2907292 0.2846998 0.2958778 0.2996412 0.2974735 0.2954254 0.2813315
[316] 0.2875520 0.2680668 0.2981517 0.2969252 0.2927646 0.2848018 0.2534148
[323] 0.2881413 0.2977167 0.2996607 0.2838888 0.2968103 0.2994443 0.2939729
[330] 0.2932755 0.2965648 0.2994508 0.2867406 0.2955455 0.2970711 0.2857151
[337] 0.2220181 0.2789979 0.2803390 0.2983548 0.2397245 0.2988731 0.2677508
[344] 0.2931239 0.2857903 0.2922114 0.2990291 0.2990570 0.2888529 0.2947494
[351] 0.2981842 0.2970253 0.2901664 0.2742808 0.2983977 0.2652880 0.2817141
[358] 0.2833643 0.2851742 0.2988561 0.2774536 0.2762821 0.2764335 0.2993365
[365] 0.2947494 0.2896886 0.2971422 0.2977910 0.2991876 0.2929850 0.2995901
[372] 0.2804812 0.2732302 0.2594832 0.2852724 0.2750362 0.2986526 0.2949899
[379] 0.2938979 0.2939569 0.2907020 0.2876376 0.2968409 0.2842710 0.2917061
[386] 0.3002272 0.2911859 0.2984174 0.2963427 0.2913921 0.3003395 0.2895117
[393] 0.2562632 0.2978232 0.2976768 0.2988232 0.2995912 0.2933335 0.3000497
[400] 0.2822907 0.2744294 0.2875190 0.2970283 0.2887919 0.2894249 0.2906962
[407] 0.2668739 0.2535255 0.2886269 0.2882879 0.2824159 0.2796572 0.2996936
[414] 0.2835333 0.2924667 0.2895797 0.2947003 0.2753154 0.2822995 0.2885595
[421] 0.2932744 0.2958094 0.2923200 0.2907481 0.2774199 0.2921944 0.2891056
[428] 0.3001597 0.3000982 0.2961261 0.2962953 0.2992160 0.2914333 0.2966123
[435] 0.2819169 0.3000199 0.2984772 0.2835656 0.2767370 0.2998298 0.2967793
[442] 0.2973595 0.2959360 0.2696909 0.2999504 0.2950317 0.2927983 0.2988672
[449] 0.2985125 0.2974470 0.2998936 0.2813050 0.3007404 0.2580208 0.2975626
[456] 0.2846682 0.2881792 0.2908488 0.2968557 0.2897710 0.2996464 0.2979092
[463] 0.2994995 0.3005955 0.2984111 0.2813066 0.2996784 0.2992219 0.2724210
[470] 0.2485667 0.2712178 0.2980138 0.2838833 0.2715527 0.2883830 0.2961613
[477] 0.2740415 0.2573358 0.3004649 0.2939410 0.3004098 0.2970874 0.2484822
[484] 0.2945336 0.2994614 0.2862463 0.2888827 0.2934488 0.2927258 0.2993017
[491] 0.2933620 0.2977111 0.2893370 0.2792301 0.2967001 0.2917126 0.2955586
[498] 0.2855842 0.2888851 0.2649022

$V_CXLS
  [1] 0.30002171 0.27976046 0.25678512 0.28958776 0.29845374 0.27217557
  [7] 0.24260638 0.29829737 0.27754456 0.29853673 0.29714291 0.29178375
 [13] 0.29640328 0.27208486 0.28424835 0.24599585 0.28727651 0.29432910
 [19] 0.30009226 0.28675127 0.29154283 0.29446922 0.28828606 0.29728802
 [25] 0.29478774 0.30011162 0.28112925 0.29204075 0.26263985 0.29718880
 [31] 0.29410521 0.28959551 0.29980184 0.27056187 0.29310548 0.29491170
 [37] 0.29643259 0.30036963 0.28835511 0.27814996 0.29919407 0.28331085
 [43] 0.30065279 0.26838999 0.30073963 0.29951770 0.26202504 0.29312734
 [49] 0.29922458 0.29641841 0.29006129 0.28887904 0.29693096 0.30089843
 [55] 0.29390400 0.22701238 0.27607212 0.29979808 0.30019088 0.28780611
 [61] 0.26117084 0.26357809 0.27183206 0.27222507 0.28660870 0.29926696
 [67] 0.28229473 0.30056715 0.27973749 0.27361580 0.27359207 0.29636288
 [73] 0.28252159 0.28739753 0.29838003 0.29577244 0.29352135 0.29649892
 [79] 0.29808827 0.29292561 0.26705757 0.29234988 0.30022349 0.30021467
 [85] 0.28827326 0.25836974 0.29751372 0.26987519 0.28131841 0.29114176
 [91] 0.28756306 0.29340628 0.29284995 0.26960297 0.30052331 0.27533223
 [97] 0.30046947 0.28454453 0.27783954 0.24673909 0.27126714 0.29826558
[103] 0.29576917 0.29287787 0.29822813 0.29763735 0.29404067 0.28377592
[109] 0.29536424 0.29748180 0.28451613 0.23640406 0.24970901 0.28939511
[115] 0.29282071 0.29942185 0.29991697 0.30035753 0.27579368 0.29702566
[121] 0.26965917 0.26410183 0.29735081 0.29437956 0.27219353 0.30069804
[127] 0.29120477 0.28311615 0.18805961 0.30071845 0.27869677 0.29839271
[133] 0.29679306 0.29841675 0.27807264 0.29355286 0.28285994 0.26280380
[139] 0.29451260 0.28892271 0.29164885 0.29455234 0.29153725 0.29173094
[145] 0.21915428 0.29517035 0.22514986 0.22806461 0.28908113 0.24563344
[151] 0.29546463 0.29774269 0.30017380 0.29602683 0.29240102 0.29258898
[157] 0.29141548 0.29571801 0.27128650 0.29400190 0.27379557 0.28991844
[163] 0.29383980 0.27648455 0.29960910 0.30011181 0.29589362 0.13100461
[169] 0.28797826 0.28070858 0.29145773 0.29753667 0.28793218 0.25294650
[175] 0.23898028 0.17981274 0.28712225 0.29415067 0.30090946 0.29879592
[181] 0.29679288 0.29853957 0.22716256 0.29281822 0.29036013 0.29661973
[187] 0.29262968 0.28526755 0.29855621 0.29205484 0.29146409 0.29793587
[193] 0.29626498 0.29659954 0.30080184 0.27473187 0.29069223 0.29555729
[199] 0.30010593 0.29788415 0.27950069 0.29908471 0.27282406 0.28992683
[205] 0.27128479 0.27960534 0.28042335 0.25958913 0.28779521 0.29522754
[211] 0.24229274 0.27362508 0.29491743 0.27152664 0.29815074 0.29750547
[217] 0.27990113 0.18849497 0.30092823 0.28089712 0.29787018 0.28049020
[223] 0.30030612 0.29519450 0.29418299 0.27295651 0.29363179 0.26940783
[229] 0.28839283 0.27055029 0.26509111 0.30027435 0.27046119 0.29925335
[235] 0.27437611 0.29271211 0.28159618 0.27482971 0.29790734 0.29902168
[241] 0.29262604 0.23305720 0.29311594 0.30004468 0.29771796 0.28692850
[247] 0.29618942 0.30002820 0.29033715 0.28894649 0.29679508 0.27345570
[253] 0.16893206 0.20755335 0.29051736 0.26100721 0.28990343 0.28234169
[259] 0.29012807 0.29327559 0.28228906 0.29605451 0.28585255 0.28637665
[265] 0.28999563 0.30082747 0.28414719 0.29882703 0.29714179 0.29237650
[271] 0.29404865 0.28911807 0.28097573 0.30039089 0.29766723 0.29105544
[277] 0.17826599 0.28547186 0.27335040 0.29983310 0.29765982 0.23627476
[283] 0.29698609 0.27569834 0.27201592 0.28916479 0.28709617 0.26938825
[289] 0.28599365 0.27942325 0.30017085 0.29122063 0.28322002 0.28967326
[295] 0.29430018 0.25309367 0.28481798 0.29456687 0.28976760 0.29389267
[301] 0.04395676 0.29556923 0.29539758 0.29943799 0.19198430 0.28736629
[307] 0.28471835 0.29517167 0.29224053 0.29906449 0.29709572 0.29564281
[313] 0.29739695 0.29891659 0.27613229 0.29295348 0.28370952 0.29571743
[319] 0.29422588 0.29878605 0.22093648 0.28053633 0.28672403 0.29409819
[325] 0.29165938 0.30071869 0.29424955 0.29726951 0.29050909 0.29929814
[331] 0.29712952 0.30081692 0.25950000 0.26633486 0.29944191 0.28680640
[337] 0.24858898 0.26885198 0.29533276 0.29707693 0.25344780 0.29985715
[343] 0.27429003 0.29861049 0.29323823 0.29552588 0.29759391 0.29534186
[349] 0.29067005 0.28365479 0.30024726 0.29775347 0.28005712 0.28791663
[355] 0.29958577 0.28686137 0.26001178 0.28681984 0.29200728 0.29590892
[361] 0.28657793 0.29054107 0.27415983 0.28849474 0.29459559 0.27323572
[367] 0.30004949 0.29744963 0.29967551 0.29706333 0.29717142 0.28541875
[373] 0.28736207 0.29905520 0.27736157 0.28299763 0.29940914 0.29691224
[379] 0.29300746 0.28949769 0.29432168 0.26555483 0.29564642 0.29091267
[385] 0.26260955 0.28903517 0.29393563 0.29710655 0.29390393 0.26983324
[391] 0.29883379 0.27341680 0.23996553 0.29936026 0.28601951 0.29177919
[397] 0.29740093 0.29965241 0.29585433 0.29939836 0.25870537 0.26301804
[403] 0.29753798 0.29039880 0.28651543 0.29753261 0.26590447 0.26934146
[409] 0.29818984 0.29066111 0.29592773 0.28091003 0.30056058 0.27629294
[415] 0.28863318 0.28821387 0.27274756 0.24552050 0.29397580 0.29733287
[421] 0.27795438 0.28978430 0.29344859 0.30067403 0.28607467 0.28785139
[427] 0.27606816 0.29186322 0.29710726 0.27126868 0.29189584 0.30015010
[433] 0.28985514 0.29035372 0.29184395 0.30042443 0.29688679 0.24947822
[439] 0.28197745 0.28417077 0.28048454 0.29451165 0.29067305 0.28279130
[445] 0.28001509 0.29632112 0.30019815 0.29733887 0.29719944 0.28786110
[451] 0.29652298 0.28956130 0.28997575 0.24480193 0.30036274 0.27738553
[457] 0.27695324 0.28023060 0.29420403 0.28873490 0.29861000 0.29096225
[463] 0.29377869 0.29246465 0.29451401 0.28162071 0.28774543 0.29910130
[469] 0.24769664 0.29211409 0.28294035 0.29996119 0.26916498 0.28132642
[475] 0.29075146 0.29860233 0.29185632 0.29587298 0.29819085 0.29537995
[481] 0.29949033 0.29873428 0.28366061 0.28461400 0.29861818 0.29292075
[487] 0.29606928 0.29705245 0.29466055 0.29185580 0.27185227 0.29996922
[493] 0.28548025 0.29142086 0.27781989 0.28995247 0.29782721 0.25317504
[499] 0.28504298 0.29103947

$V_OLS
  [1]  0.2440444914  0.0869739384  0.2796758310  0.2754107234  0.2958201332
  [6]  0.2383096947  0.0258794082  0.2785240341  0.2737021345  0.2891264136
 [11]  0.2958349805  0.1573589835  0.2913248337 -0.0021598251  0.2886315952
 [16] -0.0844749223  0.1742631519  0.2362560199  0.2973014858  0.2906360778
 [21] -0.0069369108  0.3003342817  0.2967771446  0.3000410598  0.2899565113
 [26]  0.2965257730  0.2320698689  0.2948817747  0.2272690109  0.3001725192
 [31]  0.1399618650  0.2824892625  0.2996924795  0.2942158050  0.2975349134
 [36]  0.2912509651  0.2738519326  0.2855600800  0.2506717311  0.2783968632
 [41]  0.2893049150  0.2985839935  0.0212637747  0.2711473225  0.0173340699
 [46]  0.2470157560  0.2446802149  0.3009190916  0.2845885854  0.2871312802
 [51]  0.2938213164  0.2861840052  0.2917423639  0.2437421143  0.2993606523
 [56]  0.0677591766  0.2560821556  0.2850800063  0.2903078623  0.2586280540
 [61]  0.1919875154  0.2594147723  0.1303972301  0.2739964850  0.2948930314
 [66]  0.2878991532  0.2258861286  0.2994976699  0.2617467284  0.2145816187
 [71]  0.2629897537  0.1760660547  0.2992667388  0.2127030838  0.2564298861
 [76]  0.2769270005  0.2995331153  0.2418357936  0.2856605426  0.2872734080
 [81]  0.0168159962  0.2968008393  0.2377714520  0.2909287259  0.2601988142
 [86]  0.1914228186  0.2834358584  0.1923151531  0.2592495883  0.3007457720
 [91]  0.2174613253  0.2682737844  0.2848561122  0.2567170726  0.2966165875
 [96]  0.2899781820  0.0147214889  0.2841295020  0.2434948724  0.1139401991
[101]  0.2256155250  0.2998475995  0.2852050844  0.2924760619  0.2943946249
[106]  0.2761283835  0.2588034007  0.2754459521  0.2924691080  0.2830051215
[111]  0.2757664839 -0.1382564550  0.2749146150  0.2835022757  0.2879246255
[116]  0.2770357153  0.2912691529  0.2669737261  0.2526198101  0.2886067609
[121]  0.1946764862  0.2336738362  0.2928424551  0.2959639882  0.2928570210
[126]  0.3006712686  0.2961091234 -0.0722751276  0.2738996196  0.2951883072
[131]  0.2981032393  0.2833043617  0.2988907608  0.2991690350  0.2940081353
[136]  0.2361578347  0.2925301105  0.2202181806  0.2744484032  0.2923707674
[141]  0.0984685705  0.2092455773  0.0827473913  0.2952283318 -0.0003659075
[146]  0.2766471740  0.2197342948  0.2873245518  0.2588115057  0.2388929144
[151]  0.2777343934  0.2956693673  0.2974765754  0.2954974604  0.1166601143
[156]  0.2724996272  0.2913995226  0.2920136221  0.2611611537  0.2869269274
[161]  0.2515265472  0.2664031215  0.2599112398  0.2991600389  0.2974462091
[166]  0.2913840211  0.2888698624  0.1378112368  0.3001162913  0.2814544096
[171]  0.0789856875  0.2995654528  0.2837655757  0.2194819845  0.1055780620
[176]  0.0261286787  0.2335177239  0.2548745961  0.2955821193  0.2719592601
[181]  0.2472271518  0.2561684913  0.2050080997  0.1435985754  0.2902941501
[186]  0.2916349655  0.2942199147  0.2747399163  0.2852715690  0.2922524240
[191]  0.2919748017  0.2946914925  0.2916615265  0.2849814144  0.2621471062
[196]  0.1827943955  0.2583564116  0.2986405519  0.3008580738  0.2832476009
[201]  0.2728346174  0.2626856060  0.2810283237  0.2522295793  0.0584446711
[206]  0.2962168377  0.2803155220  0.2027866868  0.0822357139  0.2784778644
[211]  0.0050707884  0.2017327482  0.2685218271  0.2509736103  0.2813671295
[216]  0.2731578336  0.2200412366  0.1839615537  0.2958187396  0.2016071658
[221]  0.2921825546  0.2326969516  0.2718685643  0.2806648957  0.1493266415
[226]  0.2711008994  0.2427138528  0.2870695786  0.2802085845  0.2697946493
[231]  0.2711687648  0.3003569467  0.1067604017  0.1257842937  0.2517242704
[236]  0.2976287931  0.2967240438  0.2660617883  0.2976680788  0.2972586641
[241]  0.2945930627  0.2327536721  0.2986826002  0.2955845531  0.2962215465
[246]  0.2891075545  0.2859385632  0.2719072485  0.2869265309  0.2450256123
[251]  0.2992395512  0.2977345346  0.1765772006  0.2271316425  0.2848805637
[256] -0.0828237695  0.2608995261  0.2688795261  0.1344755235  0.2533279211
[261]  0.2806189251  0.2891424004  0.0105730025  0.2661159445  0.2407043215
[266]  0.1964629610  0.2048267001  0.2978026425  0.2926324440  0.2654380055
[271]  0.2654968546  0.2512962336  0.2943180581  0.2263276572  0.2694036943
[276]  0.2842116011  0.0276873139  0.2959064048  0.2444904357  0.2882208664
[281]  0.2966604551  0.1253050453  0.2681027707  0.2709119093  0.2570011628
[286]  0.1716959097  0.0039803611  0.2937439494  0.2969317686 -0.0009881018
[291]  0.2069121912  0.2950899269  0.2502234630  0.2945756989  0.2858857365
[296]  0.2780396623  0.2467457532  0.2850907249  0.2024742051  0.2584270264
[301] -0.0365161938  0.2626489093  0.3008074569  0.2881871617  0.1665592889
[306]  0.2726879609  0.1363072345  0.2994387310  0.2924271814  0.2670386784
[311]  0.3002249879  0.2918821461  0.2920202974  0.2873750147  0.1507069968
[316]  0.2860532080  0.2337901946  0.1427743638  0.2763937667  0.2825878771
[321]  0.1423154451  0.2541522139  0.2125942763  0.2865705690  0.2865223066
[326]  0.2945675796  0.2848976938  0.2965165911  0.2811497094  0.2906017591
[331]  0.2949933520  0.2437328590  0.1949538837  0.2976819495  0.2915021163
[336]  0.2934360344  0.2944385294  0.2941991200  0.2007739786  0.2991873222
[341]  0.2497460784  0.2780205498  0.2453094922  0.2980527907  0.2810365614
[346]  0.2901267440  0.2754596103  0.2903872835  0.2993631996  0.2957276241
[351]  0.2537986619  0.2997609309  0.2976963053  0.2097545979  0.1514957870
[356]  0.0334891542  0.1870903286  0.2627637328  0.2805565893  0.2976065740
[361]  0.2839313699  0.2665246561  0.2909700130  0.2881938220  0.2959308310
[366]  0.2963327965  0.2973579270  0.2974048094  0.2843210469  0.2877090716
[371]  0.2978693908  0.2638072852  0.2698085041  0.2302735031  0.1477065007
[376]  0.2810764514  0.3009084177  0.2788480679  0.2452525397  0.2887258169
[381]  0.2864752536  0.2909045248  0.2983474486  0.1685124915  0.2999396439
[386]  0.2466721264  0.2816076697  0.2227249877  0.2946213036  0.2133583393
[391]  0.2828760856  0.2938198115  0.2834976554  0.2970102737  0.2666960687
[396]  0.2898952886  0.2087097600  0.2892217948  0.2998913604  0.2800730026
[401]  0.2803727953  0.1306518445  0.2840201138  0.2806569319  0.2615248462
[406]  0.3007601433  0.2574225050  0.1297333732  0.2902708811  0.2850192100
[411]  0.2956575897  0.2696157135  0.2970508884  0.2871174099  0.2462652819
[416]  0.2867514236  0.2878138150  0.2526645278  0.2870808725  0.2938057600
[421]  0.2967664236  0.3008375311  0.2963653513  0.2994315972  0.2887095857
[426]  0.2879724063  0.2803349222  0.2793338139  0.2854239049  0.2875864935
[431]  0.2745812981  0.2998753428  0.2439595598  0.2957579239  0.2618261270
[436]  0.2940864711  0.2777871149  0.2808980614  0.1830618652  0.2880433694
[441]  0.2905657735  0.2845515074  0.2668354105  0.2095910657  0.2886967541
[446]  0.2785428535  0.2039377189  0.2985324780  0.1809623867  0.2916013754
[451]  0.2899155048  0.1616932884  0.2930619825  0.2708279457  0.1974397753
[456]  0.2009016732  0.2747910081  0.2554035586  0.2901565216  0.2257878584
[461]  0.2793321627 -0.0021972666  0.2975871748  0.2889597860  0.2880832263
[466]  0.0650084043  0.2690427513  0.2877329102  0.2658416071  0.2965061437
[471]  0.2816454659  0.2443999923  0.0190977034  0.1438586811  0.2918446371
[476]  0.2446293019  0.2693940705  0.2243689022  0.2935033721  0.2900259716
[481]  0.2921633395  0.2978289638  0.2924805410  0.2992641324  0.3003509432
[486]  0.2927105499  0.2869293379  0.2989201441 -0.2400662139  0.2194749221
[491]  0.2946025161  0.2887089612  0.3004638841  0.2870948983  0.2106155127
[496]  0.2853027051  0.2883122783  0.2788066313  0.1143398742  0.2830842808

$Beta_CX
                [,1]       [,2]        [,3]
  [1,]  2.526154e-02 0.30641709  0.30638246
  [2,]  5.169549e-02 0.27933770  0.48810086
  [3,] -7.813943e-02 0.15406515  0.34057792
  [4,]  3.232364e-03 0.55789965  0.36694829
  [5,]  7.723883e-04 0.27282943  0.32981565
  [6,] -7.257369e-02 0.42600020  0.22720460
  [7,]  1.615865e-01 0.24908787  0.23084609
  [8,] -4.837069e-02 0.39916011  0.36937435
  [9,] -1.327779e-01 0.38698648  0.30448087
 [10,]  3.135411e-02 0.45722768  0.53859595
 [11,] -4.590656e-02 0.45564347  0.38277252
 [12,] -2.706739e-02 0.23384504  0.33056840
 [13,] -7.642567e-02 0.48052105  0.43642561
 [14,]  1.522395e-01 0.35193798  0.31341020
 [15,] -1.445019e-02 0.30667413  0.51375884
 [16,]  1.001502e-01 0.37293328  0.15110755
 [17,] -5.399171e-02 0.20972249  0.29423012
 [18,]  1.825873e-02 0.44788575  0.32926579
 [19,]  3.176509e-02 0.46987938  0.44492941
 [20,]  4.560788e-02 0.53007324  0.33817448
 [21,] -5.341221e-02 0.25320250  0.33137855
 [22,]  4.615541e-02 0.57020717  0.42962857
 [23,]  1.417838e-02 0.43086646  0.27698870
 [24,] -3.286194e-02 0.47123150  0.38483094
 [25,]  5.440924e-02 0.28951512  0.34547521
 [26,]  1.730745e-02 0.47515187  0.43136954
 [27,] -1.695523e-02 0.48010556  0.27174541
 [28,] -7.311148e-03 0.27327182  0.39391029
 [29,]  6.013700e-03 0.20471361  0.48309998
 [30,]  2.251434e-02 0.52452297  0.41918303
 [31,] -8.836778e-02 0.39815068  0.40102019
 [32,] -6.181339e-03 0.30069059  0.45641969
 [33,]  4.364805e-02 0.49693144  0.48267318
 [34,] -4.090961e-02 0.51783957  0.25128390
 [35,]  9.463312e-02 0.51351174  0.42714199
 [36,]  5.267627e-02 0.37941641  0.48358725
 [37,] -6.246898e-02 0.40193281  0.47019581
 [38,] -3.441080e-02 0.52589156  0.53454930
 [39,]  8.935077e-02 0.51950444  0.37194366
 [40,]  1.066656e-04 0.31281996  0.58150199
 [41,] -4.199192e-02 0.45860796  0.50769441
 [42,]  1.122172e-01 0.36415606  0.53425560
 [43,] -1.429280e-02 0.30818058  0.31443351
 [44,]  1.126162e-01 0.39228975  0.23152112
 [45,] -6.317280e-03 0.31285732  0.29731394
 [46,]  3.973551e-02 0.47155632  0.43770210
 [47,] -5.487771e-02 0.65951486  0.28167989
 [48,]  6.760913e-02 0.28395538  0.28473131
 [49,] -3.964985e-02 0.36297744  0.35537675
 [50,] -6.860567e-02 0.38010097  0.40321341
 [51,]  1.163147e-02 0.41218948  0.61961501
 [52,]  9.981052e-03 0.26993914  0.41451698
 [53,]  6.906811e-02 0.40814485  0.40312472
 [54,] -2.390906e-03 0.28773843  0.29689075
 [55,] -9.188131e-02 0.61361258  0.49413299
 [56,]  7.651691e-02 0.23417795  0.07682621
 [57,]  1.112624e-01 0.27284176  0.42104309
 [58,]  2.732935e-02 0.38316404  0.35513601
 [59,]  6.277111e-03 0.36194880  0.40084462
 [60,] -2.668033e-02 0.37063465  0.23993279
 [61,] -1.007522e-01 0.16999401  0.28708229
 [62,]  1.129690e-01 0.44758016  0.23175579
 [63,]  3.115746e-02 0.16554535  0.33147530
 [64,]  1.297946e-01 0.29619821  0.48650963
 [65,]  1.327405e-02 0.33229376  0.20738636
 [66,]  5.879296e-02 0.58673249  0.55523732
 [67,]  1.002447e-01 0.26142338  0.31532603
 [68,]  1.259917e-02 0.34729401  0.36779907
 [69,]  1.822075e-01 0.44113973  0.53610517
 [70,]  1.178149e-01 0.31056339  0.24584525
 [71,]  1.246372e-01 0.53382329  0.31545899
 [72,] -6.802260e-02 0.39413295  0.37371329
 [73,] -8.235420e-02 0.42210370  0.27737881
 [74,]  7.881873e-02 0.34204814  0.26336330
 [75,] -5.593101e-02 0.62161554  0.54286423
 [76,] -1.664317e-02 0.47724262  0.36447232
 [77,] -1.219129e-01 0.52174670  0.56349120
 [78,] -1.515735e-02 0.51332722  0.39960954
 [79,] -3.741358e-02 0.34130620  0.39458109
 [80,]  3.339727e-02 0.34111249  0.47285685
 [81,]  1.761451e-02 0.11724567  0.25540244
 [82,]  1.136378e-01 0.46157412  0.52915486
 [83,] -6.475826e-03 0.37885977  0.34285112
 [84,]  2.789912e-02 0.43123132  0.41155737
 [85,]  7.048535e-03 0.23765597  0.36985800
 [86,] -2.114623e-01 0.36479053  0.38194097
 [87,] -8.593666e-02 0.56621182  0.54575004
 [88,] -1.223640e-01 0.38105674  0.24544311
 [89,]  9.793327e-02 0.25723335  0.34397662
 [90,] -8.593560e-02 0.61037104  0.45003823
 [91,] -2.707928e-03 0.31654851  0.50052037
 [92,] -7.216406e-02 0.31735359  0.36509559
 [93,] -2.906727e-02 0.41808376  0.30086302
 [94,] -1.464673e-01 0.36905077  0.68233341
 [95,] -1.487788e-02 0.54187169  0.50570244
 [96,]  2.865822e-02 0.24141040  0.46423086
 [97,]  1.451117e-02 0.27927621  0.26823321
 [98,] -1.155595e-01 0.36265207  0.32377569
 [99,]  1.341239e-01 0.38335702  0.61659970
[100,]  5.996024e-02 0.11779082  0.32156864
[101,]  1.107440e-01 0.32432518  0.22323761
[102,]  5.710887e-02 0.46054022  0.51182542
[103,]  2.094106e-02 0.37093610  0.28515958
[104,]  4.789499e-02 0.47046922  0.34641861
[105,]  2.691033e-02 0.53410659  0.44438265
[106,]  1.670118e-02 0.35993592  0.44449994
[107,] -9.054424e-02 0.49044534  0.42433933
[108,] -1.087785e-01 0.36018953  0.52621192
[109,] -1.036580e-01 0.73073285  0.60996855
[110,] -3.554837e-02 0.31818060  0.37792402
[111,]  3.900863e-03 0.31589262  0.52720395
[112,]  2.532395e-02 0.32275145  0.09133806
[113,]  1.225016e-01 0.21804986  0.54212200
[114,] -7.801962e-02 0.27463140  0.26794890
[115,] -1.695163e-02 0.26861388  0.37788031
[116,]  2.963821e-02 0.30556414  0.32684435
[117,] -2.038889e-02 0.36792690  0.40603423
[118,] -1.485080e-03 0.31560186  0.34664435
[119,] -6.892703e-02 0.46545577  0.25786543
[120,]  3.670802e-02 0.31823906  0.38329023
[121,] -5.162004e-02 0.35825894  0.17886867
[122,] -1.767839e-01 0.31371710  0.37384760
[123,] -7.849734e-02 0.50904153  0.48763269
[124,] -2.198879e-02 0.60525238  0.44522011
[125,]  7.721033e-02 0.19136552  0.33167868
[126,]  1.973467e-02 0.53292394  0.55213525
[127,]  7.668908e-02 0.47552687  0.35934080
[128,]  9.144603e-02 0.26133947  0.35436798
[129,] -1.899546e-01 0.13298834  0.26178825
[130,]  1.643453e-02 0.38975653  0.39476089
[131,]  2.084990e-02 0.27203522  0.15044512
[132,]  2.947306e-02 0.49534039  0.59065344
[133,]  7.941106e-02 0.49520358  0.55812015
[134,]  2.894850e-02 0.35271359  0.41309117
[135,] -1.168667e-02 0.47671707  0.25624391
[136,]  8.495394e-03 0.39773419  0.28544289
[137,] -5.903843e-02 0.29876918  0.49029104
[138,] -1.584960e-01 0.34346920  0.27123022
[139,]  7.491137e-02 0.34439436  0.35924856
[140,]  1.031445e-01 0.38410661  0.34116627
[141,] -3.906394e-02 0.17827633  0.22934945
[142,]  1.139624e-01 0.53084449  0.57370493
[143,] -3.728324e-02 0.24019765  0.33331608
[144,] -4.736836e-02 0.28524741  0.39036035
[145,] -1.178071e-01 0.34335499  0.10111574
[146,]  6.664378e-02 0.60045696  0.47490181
[147,]  1.296674e-01 0.13078075  0.43648330
[148,] -1.934926e-01 0.18802037  0.43514332
[149,] -9.826982e-02 0.32849677  0.35594781
[150,] -2.092541e-01 0.31869496  0.32040604
[151,] -7.465335e-02 0.37487913  0.40242202
[152,] -6.239667e-02 0.42880745  0.41120106
[153,]  1.105167e-02 0.40403551  0.44633949
[154,]  4.654053e-02 0.31449495  0.37960617
[155,]  9.227025e-02 0.38375913  0.45208374
[156,]  2.636767e-02 0.56270065  0.39742374
[157,]  9.650734e-02 0.39644884  0.36049804
[158,] -1.472634e-02 0.28045879  0.36728928
[159,] -6.700037e-02 0.33579578  0.67360724
[160,] -3.302495e-02 0.45797322  0.33990808
[161,]  1.780111e-01 0.48673047  0.37321452
[162,]  1.786968e-02 0.33253031  0.49925446
[163,] -3.274933e-02 0.30116919  0.40525112
[164,] -1.026171e-01 0.36607463  0.24600044
[165,]  8.275906e-03 0.41664210  0.47759842
[166,] -3.219323e-02 0.40799716  0.40873615
[167,]  8.034969e-03 0.39129811  0.29850598
[168,]  1.745690e-01 0.47956938 -0.06083521
[169,]  6.138821e-02 0.52124228  0.34906934
[170,] -1.175228e-01 0.29275389  0.34220393
[171,]  1.849909e-02 0.31321834  0.21699880
[172,]  6.391836e-02 0.40792503  0.40694231
[173,]  8.831749e-02 0.27999959  0.31319036
[174,] -1.108374e-01 0.58564110  0.23600841
[175,]  1.632013e-02 0.63633905  0.18498718
[176,]  1.241990e-01 0.03224041  0.42747060
[177,]  2.644054e-02 0.27603747  0.43395834
[178,]  1.852167e-02 0.41468441  0.30391964
[179,] -8.930220e-03 0.46619589  0.45992624
[180,]  4.961158e-02 0.40674237  0.43146302
[181,]  1.666479e-02 0.29088564  0.23112131
[182,]  2.883294e-02 0.42686808  0.50315714
[183,] -3.735775e-02 0.11959697  0.50128249
[184,]  6.506537e-02 0.37509716  0.49366336
[185,]  9.496128e-02 0.42983629  0.35262176
[186,] -7.465481e-03 0.62903774  0.48979406
[187,]  8.069036e-02 0.38267866  0.33219390
[188,] -6.787589e-02 0.21164495  0.19565129
[189,] -4.248098e-02 0.43453268  0.49751326
[190,] -2.844661e-02 0.34959312  0.49837592
[191,] -6.707561e-02 0.30532942  0.39520588
[192,] -3.322386e-02 0.31077905  0.36341094
[193,] -3.521133e-02 0.31770787  0.39642359
[194,] -5.680323e-02 0.48293963  0.40657610
[195,] -7.720224e-03 0.26507519  0.27270505
[196,] -1.226100e-01 0.27800355  0.27940638
[197,] -4.003905e-02 0.40528817  0.28358116
[198,] -5.056115e-02 0.44513022  0.35854317
[199,]  2.174191e-02 0.59473995  0.65693491
[200,]  5.064529e-03 0.39234463  0.48404022
[201,] -8.316055e-02 0.24821988  0.38921789
[202,]  3.322618e-02 0.29839789  0.28773656
[203,] -1.399992e-01 0.39359240  0.28904654
[204,] -9.160558e-02 0.38656428  0.32651137
[205,]  1.572562e-01 0.31882010  0.35844426
[206,]  1.813412e-03 0.26784985  0.48611911
[207,] -3.090942e-02 0.51030803  0.28795739
[208,] -7.448277e-02 0.36067510  0.16456410
[209,] -7.097374e-02 0.26978075  0.36994726
[210,] -3.834731e-02 0.45885224  0.35515748
[211,] -1.152463e-01 0.15845982  0.40363991
[212,] -1.248373e-02 0.58925718  0.29480694
[213,] -7.545691e-02 0.35938745  0.38327002
[214,] -4.762214e-03 0.44774787  0.21670645
[215,] -3.663302e-02 0.31923270  0.28773562
[216,] -2.591439e-02 0.35133806  0.43065434
[217,] -2.837580e-02 0.46040451  0.25748009
[218,]  1.441228e-01 0.09409170  0.21065461
[219,] -4.610604e-03 0.56816059  0.58193743
[220,]  4.310668e-02 0.18409127  0.30718660
[221,] -4.848729e-02 0.35970787  0.40132631
[222,] -1.014835e-01 0.25389562  0.32385971
[223,] -3.397581e-05 0.31824469  0.28857655
[224,]  7.393674e-02 0.38836757  0.36005278
[225,] -6.879473e-02 0.33708927  0.39880224
[226,] -1.854723e-01 0.41472723  0.40074638
[227,] -1.800465e-02 0.32107961  0.23366403
[228,] -4.862729e-03 0.51966860  0.24395316
[229,] -1.409494e-01 0.46224733  0.47785617
[230,] -8.969586e-02 0.28674617  0.55408703
[231,] -3.850392e-02 0.22018335  0.49060069
[232,]  3.234279e-02 0.47536980  0.46402670
[233,] -1.302746e-01 0.25959045  0.38446617
[234,] -2.171955e-02 0.42608225  0.37236640
[235,] -4.276485e-02 0.23044182  0.44174016
[236,] -3.389810e-02 0.44706346  0.32203887
[237,] -1.305918e-01 0.33377798  0.38332686
[238,] -4.757855e-02 0.51703673  0.27004919
[239,] -1.811961e-02 0.33043912  0.40250674
[240,]  4.243532e-02 0.43803400  0.40181811
[241,]  5.574176e-02 0.26693135  0.33701341
[242,]  1.445033e-01 0.30609343  0.15260288
[243,]  4.161614e-02 0.26762799  0.35525132
[244,] -2.317571e-04 0.42344754  0.37721352
[245,] -2.087349e-02 0.33584932  0.41099017
[246,]  5.089702e-02 0.54002525  0.34761379
[247,]  5.387956e-02 0.32803757  0.29684305
[248,] -5.280800e-03 0.34570548  0.38745454
[249,]  4.244253e-02 0.28850498  0.41482964
[250,]  2.949804e-02 0.29015588  0.19561824
[251,] -1.994896e-02 0.24002929  0.30001577
[252,] -1.236405e-01 0.37157933  0.26205548
[253,]  1.613045e-01 0.40108527  0.02845645
[254,]  1.090871e-01 0.07265290  0.28730379
[255,] -1.594279e-02 0.26940052  0.39947854
[256,]  4.803129e-02 0.13613594  0.30685568
[257,] -1.136181e-01 0.59270553  0.45546748
[258,] -1.037796e-01 0.27103392  0.32057213
[259,]  4.915141e-02 0.22789050  0.30984095
[260,]  8.252400e-02 0.34758625  0.36913096
[261,] -7.379498e-02 0.42795978  0.27190385
[262,]  1.608263e-02 0.43277702  0.33298629
[263,] -3.816262e-02 0.43840733  0.27586932
[264,]  7.177059e-02 0.57825620  0.37720191
[265,] -5.530862e-02 0.61546999  0.42136813
[266,] -1.442932e-02 0.44863592  0.44620023
[267,]  5.123960e-02 0.21927333  0.34196619
[268,] -3.872427e-02 0.42651000  0.38191071
[269,]  4.425713e-02 0.48064565  0.39811600
[270,]  8.423836e-02 0.33798473  0.33926300
[271,]  4.476248e-02 0.27827645  0.35696833
[272,]  1.141686e-01 0.39761460  0.38502771
[273,] -6.256108e-02 0.23324694  0.37874241
[274,] -1.815828e-02 0.38371642  0.36143664
[275,] -2.891043e-03 0.30346499  0.37728382
[276,]  4.661765e-02 0.48401331  0.33957549
[277,] -1.300781e-01 0.15508200  0.09658489
[278,] -8.495941e-02 0.36261480  0.54716888
[279,]  1.534265e-01 0.34681030  0.33260168
[280,] -2.613890e-02 0.32013365  0.34095186
[281,]  7.169738e-03 0.39742461  0.49387125
[282,] -1.710197e-01 0.20550183  0.29127762
[283,]  6.223713e-02 0.44781020  0.39679928
[284,]  1.364164e-02 0.24725578  0.47654654
[285,]  5.803952e-02 0.24071390  0.47127263
[286,] -5.839376e-03 0.36985880  0.24167106
[287,]  5.092209e-02 0.23395562  0.34435486
[288,] -1.582829e-01 0.58526973  0.34101051
[289,] -7.943427e-02 0.23990686  0.29714734
[290,]  1.002782e-01 0.24061473  0.29144751
[291,]  2.636566e-02 0.38189817  0.36676966
[292,] -9.626512e-02 0.54742779  0.42439425
[293,]  3.152070e-02 0.46479323  0.27603601
[294,]  8.604461e-02 0.29574430  0.33157864
[295,] -1.557448e-03 0.71499110  0.52167242
[296,]  3.999706e-02 0.32943108  0.12589288
[297,] -1.046177e-01 0.31056292  0.30227070
[298,] -2.630826e-02 0.44032523  0.32902941
[299,] -1.065175e-01 0.36918514  0.38754905
[300,]  7.788678e-02 0.37257101  0.34222381
[301,]  1.813296e-01 0.12549880  0.03940555
[302,]  1.122853e-02 0.40448974  0.53499437
[303,]  1.680855e-02 0.28974654  0.38226988
[304,] -2.071046e-02 0.46774991  0.53584827
[305,] -1.664619e-01 0.30819284  0.09095319
[306,] -1.042190e-01 0.32688512  0.38398008
[307,]  1.233891e-01 0.35934018  0.35815620
[308,] -6.893442e-02 0.33460388  0.34631933
[309,] -2.297521e-02 0.34462765  0.49117585
[310,]  2.929078e-02 0.32566566  0.36511218
[311,] -6.651738e-04 0.47748515  0.37655142
[312,] -6.751680e-02 0.41022503  0.36309893
[313,]  4.408963e-02 0.40387714  0.34572187
[314,] -2.736789e-02 0.54581247  0.46857249
[315,] -1.891859e-01 0.46147985  0.42839275
[316,] -9.039071e-02 0.37419998  0.41244854
[317,]  1.477832e-01 0.40279948  0.45123474
[318,] -5.655671e-02 0.34795712  0.30755856
[319,] -8.346457e-02 0.53071078  0.67925794
[320,]  2.720327e-02 0.31679757  0.28034213
[321,] -1.925973e-01 0.23369865  0.24491774
[322,]  6.692729e-02 0.29331045  0.49493918
[323,] -9.762543e-02 0.50748523  0.36191004
[324,]  4.168884e-02 0.18599382  0.19175083
[325,] -1.521126e-03 0.25270438  0.36768892
[326,] -8.400386e-03 0.38102218  0.40175504
[327,] -4.846096e-02 0.32636440  0.42114395
[328,]  1.082070e-02 0.51288943  0.40797327
[329,] -6.911499e-02 0.32778528  0.44330386
[330,] -3.416712e-02 0.34424088  0.37186114
[331,] -1.553220e-02 0.46302115  0.36830645
[332,] -2.802184e-03 0.41163545  0.43133581
[333,]  8.692288e-02 0.27738668  0.14853278
[334,] -1.166073e-01 0.57345963  0.28936580
[335,]  4.750538e-03 0.42438801  0.36654470
[336,]  7.809848e-02 0.24003808  0.28868557
[337,] -1.441912e-01 0.21829191  0.50099399
[338,]  1.339484e-01 0.47616817  0.28037675
[339,] -7.247947e-03 0.21287275  0.28329496
[340,] -5.358684e-02 0.39169108  0.34934412
[341,]  1.800380e-01 0.25923554  0.42306925
[342,] -1.755672e-02 0.42888101  0.38426742
[343,] -2.158153e-01 0.50421068  0.47227324
[344,] -2.659028e-02 0.48641454  0.41348846
[345,] -3.333582e-02 0.26725424  0.20386438
[346,] -5.293076e-02 0.36154869  0.44688471
[347,]  5.780140e-02 0.41521675  0.38231770
[348,]  2.309105e-02 0.38058265  0.50240162
[349,] -1.073878e-01 0.39067269  0.44480886
[350,] -5.568198e-02 0.46331483  0.28655167
[351,] -4.474892e-02 0.68743543  0.66092466
[352,] -4.472563e-02 0.37164521  0.43054038
[353,] -7.634013e-03 0.19249360  0.34622329
[354,]  4.905373e-02 0.23848366  0.34775049
[355,]  2.884208e-02 0.33763276  0.31645770
[356,]  1.762160e-02 0.40600626  0.25477917
[357,]  1.251751e-01 0.35449108  0.20635521
[358,]  7.907564e-02 0.33999202  0.25914111
[359,] -7.311421e-02 0.39228613  0.31724181
[360,]  4.755966e-02 0.32100822  0.27589039
[361,] -6.838802e-02 0.55108411  0.36167952
[362,] -9.906196e-02 0.43106844  0.36518064
[363,]  4.071323e-02 0.45712072  0.23681270
[364,]  2.622138e-02 0.51945525  0.33695115
[365,] -6.998121e-02 0.43474986  0.54650925
[366,]  1.310388e-01 0.27791938  0.40347696
[367,] -1.400242e-03 0.35806364  0.40128877
[368,] -6.306686e-02 0.45955676  0.52505176
[369,] -2.476551e-02 0.45583644  0.51202052
[370,]  3.306969e-02 0.34185563  0.28379640
[371,]  1.490598e-02 0.29151295  0.23371338
[372,] -9.408555e-02 0.44692330  0.31874122
[373,] -1.017229e-01 0.34234191  0.44391508
[374,] -3.730885e-03 0.21379084  0.18177292
[375,] -1.807331e-02 0.12695957  0.23423083
[376,] -1.779517e-01 0.58369530  0.47515076
[377,]  3.286429e-02 0.43731302  0.39574226
[378,]  4.769002e-02 0.43620003  0.36595875
[379,]  5.890510e-02 0.24573551  0.27343618
[380,] -9.504381e-02 0.42888044  0.34500615
[381,] -6.039258e-03 0.40623008  0.29690113
[382,]  1.306431e-01 0.25769595  0.45919783
[383,]  5.554210e-02 0.39892106  0.33350418
[384,]  9.282380e-02 0.34631610  0.40355530
[385,] -9.045861e-03 0.16104298  0.37943606
[386,] -5.049471e-03 0.30407914  0.46685025
[387,]  3.028981e-02 0.44380831  0.32724795
[388,]  2.098962e-02 0.41684904  0.33329085
[389,]  6.733097e-02 0.39672420  0.32921353
[390,] -1.443983e-01 0.31287748  0.29059417
[391,] -4.585677e-02 0.37205348  0.38860673
[392,] -5.556860e-02 0.44232343  0.23116879
[393,]  1.860539e-01 0.52247050  0.22449916
[394,] -4.282764e-02 0.45840456  0.49883744
[395,]  8.463405e-02 0.29197752  0.40542955
[396,] -3.077266e-02 0.42851784  0.61671406
[397,]  4.097860e-02 0.35711391  0.30839315
[398,] -2.228043e-02 0.24942302  0.23907875
[399,]  3.956163e-02 0.43207989  0.34207483
[400,] -4.262714e-02 0.40834638  0.42589851
[401,]  1.141780e-01 0.19733622  0.38519045
[402,] -3.423506e-02 0.30701416  0.13523875
[403,] -8.957245e-02 0.63768909  0.59037202
[404,]  1.269608e-01 0.46374018  0.54847820
[405,] -8.042487e-02 0.33530442  0.25807150
[406,]  5.036200e-02 0.39880570  0.35421637
[407,] -7.326984e-02 0.39947661  0.19542373
[408,]  1.647891e-01 0.32125466  0.36727054
[409,]  6.029320e-02 0.43687284  0.42495324
[410,]  8.198862e-02 0.31059200  0.37539264
[411,]  6.083757e-02 0.31823396  0.33675899
[412,]  4.264072e-02 0.28320669  0.49081672
[413,] -1.512761e-02 0.33034946  0.34525132
[414,] -7.114791e-02 0.29313126  0.53122030
[415,] -8.847061e-03 0.36864680  0.23868150
[416,]  1.243047e-01 0.41458602  0.40374198
[417,]  1.551893e-02 0.54326255  0.26879213
[418,]  1.207657e-01 0.18695335  0.47767772
[419,] -9.769450e-02 0.43133941  0.46008337
[420,]  4.374677e-03 0.50855031  0.40446147
[421,] -1.279779e-01 0.52892831  0.34184538
[422,]  1.122127e-01 0.43960592  0.56899132
[423,] -5.801926e-02 0.45672563  0.35131662
[424,]  4.419048e-03 0.35831043  0.38155070
[425,]  7.355417e-02 0.40855853  0.28162473
[426,]  9.959302e-02 0.34366648  0.44498229
[427,] -1.017423e-01 0.34595769  0.60996368
[428,] -8.824360e-02 0.45541886  0.60356289
[429,]  6.241324e-02 0.40915778  0.37919736
[430,] -6.626205e-02 0.21138445  0.40301904
[431,]  9.675987e-02 0.37299336  0.40746399
[432,]  2.595102e-02 0.35959504  0.34790189
[433,]  5.167488e-02 0.30999674  0.44495259
[434,] -3.012377e-02 0.54495918  0.36864985
[435,] -6.278397e-02 0.31683852  0.26072839
[436,] -2.205138e-02 0.45958748  0.48799682
[437,] -6.499831e-02 0.39053083  0.42545083
[438,]  1.078163e-02 0.41344793  0.14281018
[439,]  3.336694e-02 0.18201508  0.30566947
[440,]  6.756007e-02 0.25006984  0.19335615
[441,] -5.452658e-03 0.13839928  0.24713945
[442,]  7.496574e-02 0.40443567  0.35617076
[443,] -5.934182e-02 0.24221002  0.30830026
[444,]  1.409816e-01 0.37499269  0.41086671
[445,]  5.437215e-02 0.34326799  0.20597588
[446,]  6.870332e-03 0.32215252  0.41723683
[447,]  2.239109e-02 0.30165281  0.29973738
[448,] -6.266669e-02 0.38865762  0.40650759
[449,]  2.629201e-02 0.27536007  0.33564406
[450,] -5.533967e-02 0.45074138  0.30280570
[451,] -5.404290e-02 0.42647735  0.36329486
[452,] -1.117428e-01 0.38762416  0.39419923
[453,] -1.798562e-02 0.22960564  0.34298615
[454,]  9.829085e-02 0.14067251  0.34745646
[455,] -1.071232e-02 0.33840319  0.36788598
[456,] -7.412104e-02 0.38620214  0.23016468
[457,] -8.590517e-03 0.59966417  0.31630328
[458,]  1.380063e-01 0.41754317  0.33930724
[459,]  3.084238e-02 0.36699707  0.49533508
[460,]  6.603229e-02 0.22541134  0.27502567
[461,] -1.846802e-02 0.43013532  0.51206337
[462,]  5.104930e-02 0.32273779  0.24130258
[463,] -7.090229e-02 0.31182820  0.31468835
[464,] -2.533147e-03 0.31449811  0.21986252
[465,]  6.375958e-02 0.40160428  0.33369424
[466,]  1.163254e-01 0.30271556  0.31839099
[467,]  9.663339e-03 0.27197026  0.42715227
[468,] -1.485444e-02 0.43497935  0.37274583
[469,]  9.280259e-02 0.49810466  0.18551765
[470,]  9.733144e-02 0.40155236  0.37882056
[471,]  1.385452e-01 0.46966528  0.37266465
[472,]  3.960865e-02 0.46898244  0.48024901
[473,] -1.169539e-01 0.22450600  0.27372090
[474,] -1.247628e-01 0.33383721  0.45783315
[475,] -1.187267e-01 0.45701542  0.55676316
[476,]  4.870628e-02 0.42071236  0.39148817
[477,] -9.490245e-02 0.36697614  0.38089908
[478,] -1.175046e-02 0.27473047  0.35917747
[479,] -7.426093e-02 0.54213364  0.52610983
[480,] -9.314106e-02 0.46443760  0.46683620
[481,] -6.596272e-03 0.51887303  0.44910482
[482,]  2.130028e-02 0.51088820  0.43160255
[483,]  2.008135e-02 0.28510090  0.48011473
[484,] -1.139971e-01 0.32966562  0.33294802
[485,]  5.765352e-02 0.54606504  0.49572691
[486,] -9.385397e-02 0.43717386  0.53870134
[487,]  8.619493e-02 0.46101177  0.49462177
[488,] -1.805926e-02 0.30686109  0.38512177
[489,] -5.258030e-03 0.40118918  0.29585029
[490,]  4.442050e-02 0.18796728  0.23162549
[491,] -5.237713e-02 0.19587020  0.37900206
[492,]  2.199254e-02 0.39547442  0.43379627
[493,]  9.359500e-03 0.25909168  0.42446552
[494,] -9.067064e-02 0.39527566  0.50346034
[495,] -1.311357e-02 0.41522537  0.22246816
[496,] -4.944243e-02 0.27546767  0.20781256
[497,]  4.735643e-02 0.32067460  0.31367939
[498,]  7.551067e-02 0.54465266  0.21120464
[499,]  1.337117e-02 0.18381077  0.30187509
[500,] -1.158564e-01 0.42616413  0.45857867

