$RE_RF
[1] 4.247637

$RE_CXls
[1] 2.65851

$RF_2_imput
                  [,1]
Q1_bias    0.064069928
mean_bias  0.001668024
Q3_bias   -0.058898368
MSE        0.558719046

$CXls_imput
                  [,1]
Q1_bias    0.104700489
mean_bias  0.004302172
Q3_bias   -0.099878169
MSE        0.344898211

$bias_sd_OLS
               beta.t         bias       Esd       Asd    CP
(Intercept) 0.0002652 -0.005778057 0.1713076 0.1682198 0.960
X1          0.3671395 -0.007040413 0.2821871 0.2695442 0.938
X2          0.3661961  0.011266932 0.2956687 0.2719428 0.938

$bias_sd_RF
               beta.t         bias        sd
(Intercept) 0.0002652  0.001446577 0.1139981
X1          0.3671395 -0.016159374 0.1276204
X2          0.3661961 -0.005558791 0.1292625

$bias_sd_CXls
               beta.t         bias       Esd    Asd_IF    CP  RE_beta
(Intercept) 0.0002652  0.003967214 0.1175045 0.1162038 0.946 1.156479
X1          0.3671395 -0.011492941 0.1703121 0.1575307 0.912 2.736025
X2          0.3661961  0.011113161 0.1756933 0.1614361 0.918 2.824843

$pcd_OLS
[1] 0.8046135 0.1722632

$VF_OLS
[1] 0.2125100 0.1177255

$pcd_RF
[1] 0.89657236 0.06711094

$VF_RF
[1] 0.27392484 0.03813976

$pcd_CXls
[1] 0.87886545 0.09123898

$VF_Cxls
[1] 0.26184872 0.05749075

$VF_0
  mean_V0     sd_V0 
0.3164185 1.4923676 

$VF_B0
 mean_VB0    sd_VB0 
0.3053254 1.4936906 

$PCD_vals_RF
  [1] 0.9223636 0.7343636 0.8905455 0.9318182 0.9820000 0.8127273 0.7627273
  [8] 0.8750909 0.9376364 0.8909091 0.8647273 0.9854545 0.8547273 0.8978182
 [15] 0.9332727 0.9643636 0.9634545 0.8516364 0.9385455 0.9120000 0.9601818
 [22] 0.7800000 0.8034545 0.7054545 0.8290909 0.8750909 0.9314545 0.8456364
 [29] 0.7770909 0.9532727 0.8869091 0.9712727 0.9021818 0.9260000 0.8489091
 [36] 0.9318182 0.9012727 0.6223636 0.9220000 0.9305455 0.9196364 0.8972727
 [43] 0.7861818 0.9510909 0.7647273 0.7358182 0.8341818 0.8858182 0.9501818
 [50] 0.9090909 0.8498182 0.8487273 0.9458182 0.8738182 0.8743636 0.9554545
 [57] 0.8774545 0.8101818 0.9360000 0.9496364 0.9578182 0.9009091 0.8963636
 [64] 0.9450909 0.9521818 0.7823636 0.9216364 0.9634545 0.9769091 0.9650909
 [71] 0.9830909 0.9243636 0.9325455 0.9283636 0.9643636 0.9007273 0.8912727
 [78] 0.8505455 0.8607273 0.9612727 0.8432727 0.9725455 0.9307273 0.8710909
 [85] 0.9314545 0.9492727 0.8638182 0.9152727 0.9605455 0.8789091 0.7940000
 [92] 0.9118182 0.8581818 0.8647273 0.7076364 0.9338182 0.9509091 0.9763636
 [99] 0.8580000 0.9481818 0.8614545 0.8114545 0.9214545 0.9361818 0.9581818
[106] 0.8854545 0.9390909 0.9292727 0.9240000 0.8741818 0.9269091 0.8740000
[113] 0.9365455 0.9440000 0.9456364 0.9538182 0.8600000 0.8890909 0.8476364
[120] 0.8127273 0.9860000 0.9150909 0.9805455 0.8669091 0.8398182 0.9223636
[127] 0.9090909 0.9412727 0.8089091 0.9427273 0.7589091 0.8894545 0.8410909
[134] 0.8129091 0.9518182 0.9465455 0.9030909 0.8407273 0.9754545 0.8903636
[141] 0.8978182 0.9030909 0.8609091 0.9889091 0.8878182 0.9078182 0.9809091
[148] 0.9510909 0.9663636 0.8367273 0.9440000 0.9081818 0.9667273 0.7778182
[155] 0.8920000 0.9356364 0.9381818 0.8692727 0.9365455 0.8329091 0.9527273
[162] 0.7998182 0.8978182 0.9643636 0.9358182 0.7440000 0.8501818 0.8867273
[169] 0.8158182 0.8918182 0.8325455 0.9783636 0.8887273 0.9552727 0.9209091
[176] 0.9150909 0.8992727 0.6925455 0.8774545 0.9040000 0.9412727 0.9647273
[183] 0.7567273 0.9827273 0.9572727 0.9892727 0.7765455 0.9500000 0.9556364
[190] 0.9260000 0.9209091 0.9512727 0.7807273 0.7341818 0.9485455 0.9185455
[197] 0.9720000 0.8260000 0.9607273 0.9734545 0.6294545 0.8272727 0.8734545
[204] 0.7981818 0.8581818 0.9427273 0.9738182 0.9589091 0.9087273 0.8758182
[211] 0.8203636 0.8450909 0.9687273 0.9265455 0.9454545 0.9234545 0.9163636
[218] 0.8980000 0.9694545 0.8752727 0.7632727 0.9154545 0.7214545 0.9694545
[225] 0.9205455 0.9429091 0.6954545 0.5985455 0.9292727 0.9627273 0.9421818
[232] 0.9178182 0.9054545 0.9312727 0.9556364 0.9409091 0.9325455 0.7390909
[239] 0.8876364 0.9003636 0.8992727 0.8594545 0.8643636 0.9636364 0.9230909
[246] 0.9269091 0.9540000 0.6167273 0.8749091 0.8910909 0.9276364 0.9723636
[253] 0.9254545 0.9549091 0.9127273 0.8556364 0.9430909 0.8332727 0.9047273
[260] 0.9714545 0.9049091 0.9314545 0.9223636 0.9012727 0.8825455 0.9341818
[267] 0.9129091 0.9298182 0.8394545 0.7500000 0.8067273 0.6640000 0.9212727
[274] 0.9103636 0.9029091 0.8800000 0.8547273 0.8510909 0.9043636 0.9145455
[281] 0.8789091 0.9840000 0.9058182 0.9174545 0.9467273 0.9445455 0.9336364
[288] 0.8856364 0.9510909 0.8889091 0.9376364 0.9345455 0.9483636 0.9249091
[295] 0.8849091 0.8432727 0.9165455 0.8158182 0.8885455 0.8563636 0.9476364
[302] 0.9450909 0.9356364 0.8765455 0.9694545 0.8865455 0.8820000 0.8581818
[309] 0.7867273 0.9149091 0.9440000 0.8974545 0.8189091 0.9725455 0.9281818
[316] 0.8949091 0.6934545 0.8847273 0.9074545 0.9592727 0.9401818 0.8540000
[323] 0.8125455 0.9216364 0.9407273 0.8947273 0.8967273 0.7689091 0.9174545
[330] 0.9520000 0.9414545 0.9421818 0.9392727 0.9340000 0.9510909 0.8643636
[337] 0.9530909 0.8694545 0.8741818 0.9683636 0.9169091 0.9590909 0.9174545
[344] 0.8585455 0.8561818 0.9960000 0.9450909 0.9810909 0.9047273 0.8934545
[351] 0.8647273 0.9385455 0.9210909 0.9134545 0.9740000 0.9778182 0.9750909
[358] 0.8296364 0.9481818 0.9300000 0.9745455 0.9930909 0.9354545 0.8305455
[365] 0.9700000 0.7540000 0.9669091 0.9020000 0.6925455 0.9189091 0.8358182
[372] 0.9567273 0.9796364 0.9063636 0.9783636 0.7712727 0.9378182 0.9410909
[379] 0.8305455 0.8729091 0.9709091 0.9641818 0.9112727 0.8540000 0.9785455
[386] 0.9738182 0.8752727 0.9065455 0.8934545 0.8114545 0.9407273 0.9341818
[393] 0.9432727 0.8603636 0.8554545 0.9101818 0.8740000 0.8900000 0.8016364
[400] 0.9300000 0.8823636 0.9407273 0.8767273 0.8670909 0.9190909 0.9416364
[407] 0.6765455 0.9401818 0.8600000 0.8916364 0.8385455 0.8836364 0.9301818
[414] 0.9410909 0.9049091 0.9689091 0.9278182 0.9403636 0.9265455 0.8278182
[421] 0.9581818 0.9081818 0.9125455 0.8921818 0.9578182 0.8640000 0.9261818
[428] 0.8403636 0.9700000 0.9380000 0.8649091 0.9570909 0.9189091 0.8587273
[435] 0.8396364 0.8425455 0.8487273 0.9403636 0.8645455 0.8901818 0.8980000
[442] 0.7867273 0.9087273 0.8027273 0.9285455 0.9749091 0.9345455 0.9023636
[449] 0.8954545 0.9272727 0.8930909 0.9745455 0.9398182 0.9361818 0.9554545
[456] 0.9500000 0.8967273 0.8596364 0.9169091 0.8912727 0.8000000 0.9378182
[463] 0.9558182 0.9003636 0.8707273 0.8640000 0.8207273 0.9727273 0.9569091
[470] 0.9061818 0.8847273 0.8129091 0.9076364 0.7683636 0.9307273 0.8060000
[477] 0.8280000 0.8918182 0.9494545 0.6600000 0.9041818 0.9092727 0.8949091
[484] 0.9587273 0.9356364 0.8760000 0.9078182 0.8687273 0.8970909 0.9372727
[491] 0.9538182 0.9149091 0.9590909 0.7770909 0.9570909 0.8938182 0.8663636
[498] 0.9458182 0.9414545 0.9810909

$PCD_vals_CXLS
  [1] 0.9418182 0.8034545 0.8594545 0.8265455 0.9536364 0.8507273 0.9132727
  [8] 0.8465455 0.9323636 0.9163636 0.7700000 0.9521818 0.8463636 0.8765455
 [15] 0.9549091 0.9500000 0.9198182 0.8607273 0.9687273 0.9489091 0.9278182
 [22] 0.9485455 0.8292727 0.8247273 0.6838182 0.8050909 0.9381818 0.8732727
 [29] 0.7361818 0.9190909 0.9216364 0.9605455 0.9343636 0.9441818 0.8994545
 [36] 0.9601818 0.8985455 0.8203636 0.9236364 0.9103636 0.8250909 0.8825455
 [43] 0.8256364 0.9634545 0.4950909 0.6556364 0.7941818 0.8036364 0.9390909
 [50] 0.8434545 0.8770909 0.8521818 0.9292727 0.7443636 0.8800000 0.8156364
 [57] 0.9741818 0.4952727 0.9350909 0.9292727 0.9078182 0.8118182 0.8809091
 [64] 0.9145455 0.9196364 0.7570909 0.9190909 0.9767273 0.9318182 0.8914545
 [71] 0.8781818 0.9303636 0.9885455 0.9250909 0.9663636 0.8998182 0.9745455
 [78] 0.7723636 0.8290909 0.9610909 0.8032727 0.9256364 0.9030909 0.9234545
 [85] 0.9627273 0.9836364 0.8058182 0.9880000 0.9287273 0.7943636 0.7470909
 [92] 0.8734545 0.8276364 0.3854545 0.9327273 0.8983636 0.9278182 0.9727273
 [99] 0.9052727 0.8520000 0.7905455 0.8556364 0.8800000 0.9301818 0.9785455
[106] 0.8760000 0.7681818 0.8203636 0.8501818 0.8920000 0.9434545 0.9338182
[113] 0.9121818 0.9047273 0.8785455 0.9100000 0.9038182 0.8849091 0.9332727
[120] 0.6870909 0.9852727 0.7807273 0.8925455 0.8701818 0.8920000 0.8361818
[127] 0.9461818 0.9669091 0.6838182 0.9221818 0.6630909 0.8518182 0.7827273
[134] 0.9323636 0.9403636 0.9892727 0.8334545 0.7807273 0.9765455 0.8796364
[141] 0.8667273 0.9300000 0.8550909 0.9080000 0.8394545 0.8816364 0.9678182
[148] 0.9589091 0.9587273 0.6801818 0.9420000 0.9418182 0.9740000 0.8920000
[155] 0.8383636 0.6252727 0.9527273 0.9070909 0.9970909 0.7629091 0.9225455
[162] 0.7790909 0.9349091 0.9443636 0.9270909 0.8270909 0.8770909 0.9212727
[169] 0.9529091 0.6660000 0.9598182 0.9269091 0.8598182 0.9283636 0.8903636
[176] 0.8934545 0.9303636 0.8714545 0.9356364 0.9356364 0.9243636 0.8914545
[183] 0.6360000 0.9360000 0.9645455 0.9243636 0.7718182 0.9189091 0.9694545
[190] 0.9776364 0.9134545 0.9541818 0.9560000 0.8672727 0.9290909 0.9120000
[197] 0.8821818 0.8787273 0.9156364 0.6963636 0.6394545 0.8892727 0.8505455
[204] 0.8654545 0.8563636 0.9343636 0.9430909 0.8727273 0.8947273 0.8350909
[211] 0.8263636 0.8672727 0.9330909 0.9009091 0.9236364 0.8667273 0.9512727
[218] 0.8200000 0.9550909 0.8401818 0.8352727 0.9072727 0.8372727 0.8914545
[225] 0.7961818 0.9012727 0.8069091 0.5060000 0.8896364 0.8887273 0.9729091
[232] 0.9547273 0.9289091 0.8623636 0.9605455 0.8670909 0.8389091 0.5981818
[239] 0.8798182 0.9416364 0.8447273 0.9312727 0.8770909 0.9614545 0.9123636
[246] 0.8747273 0.9720000 0.5076364 0.8638182 0.9145455 0.9289091 0.9396364
[253] 0.9478182 0.8789091 0.8885455 0.9052727 0.9547273 0.7398182 0.8003636
[260] 0.9181818 0.8463636 0.8500000 0.9212727 0.8529091 0.8903636 0.9550909
[267] 0.8898182 0.8641818 0.8463636 0.7210909 0.6685455 0.5098182 0.9260000
[274] 0.9023636 0.9298182 0.8749091 0.8216364 0.7941818 0.9236364 0.8878182
[281] 0.8636364 0.9861818 0.9121818 0.7267273 0.9392727 0.9380000 0.9252727
[288] 0.9345455 0.9432727 0.8570909 0.5172727 0.9358182 0.9014545 0.7723636
[295] 0.7607273 0.8221818 0.9167273 0.7389091 0.8987273 0.8767273 0.9276364
[302] 0.9409091 0.7598182 0.9170909 0.9707273 0.8132727 0.8732727 0.8016364
[309] 0.8089091 0.8809091 0.9601818 0.9052727 0.8500000 0.9489091 0.9010909
[316] 0.8570909 0.9163636 0.8318182 0.9370909 0.9718182 0.8796364 0.8821818
[323] 0.3374545 0.9550909 0.9512727 0.8998182 0.9467273 0.7490909 0.7832727
[330] 0.9025455 0.7272727 0.8821818 0.9418182 0.9323636 0.8889091 0.8587273
[337] 0.9418182 0.7923636 0.9252727 0.9610909 0.7505455 0.8530909 0.8794545
[344] 0.8407273 0.8207273 0.9380000 0.9134545 0.8752727 0.9423636 0.8945455
[351] 0.8878182 0.9169091 0.9858182 0.9012727 0.9630909 0.9432727 0.9972727
[358] 0.8283636 0.9010909 0.9269091 0.9827273 0.8274545 0.9441818 0.8018182
[365] 0.9467273 0.7854545 0.9361818 0.9196364 0.8567273 0.9778182 0.9014545
[372] 0.9107273 0.9161818 0.8736364 0.9663636 0.7956364 0.9410909 0.9300000
[379] 0.9621818 0.8820000 0.9378182 0.9165455 0.8043636 0.8752727 0.9880000
[386] 0.9381818 0.8678182 0.8485455 0.8778182 0.7085455 0.9381818 0.9487273
[393] 0.9583636 0.9785455 0.8829091 0.9194545 0.6770909 0.8949091 0.8585455
[400] 0.9560000 0.8280000 0.9521818 0.9301818 0.8765455 0.9709091 0.8485455
[407] 0.9196364 0.9449091 0.8663636 0.8645455 0.6961818 0.8249091 0.8421818
[414] 0.7185455 0.8994545 0.9698182 0.9265455 0.6863636 0.8823636 0.8256364
[421] 0.9803636 0.9329091 0.9254545 0.8752727 0.9043636 0.8340000 0.9343636
[428] 0.7909091 0.9718182 0.9825455 0.9394545 0.9449091 0.8652727 0.7625455
[435] 0.8990909 0.8910909 0.7794545 0.9005455 0.8927273 0.8292727 0.9741818
[442] 0.7943636 0.8285455 0.9736364 0.9321818 0.9656364 0.9236364 0.9425455
[449] 0.9921818 0.8749091 0.9181818 0.9732727 0.8976364 0.9696364 0.9212727
[456] 0.9145455 0.8521818 0.8223636 0.8440000 0.8803636 0.6132727 0.9710909
[463] 0.9576364 0.9347273 0.8607273 0.9283636 0.8181818 0.9520000 0.9269091
[470] 0.9054545 0.9650909 0.9298182 0.9220000 0.7234545 0.9716364 0.8127273
[477] 0.6327273 0.7241818 0.8878182 0.7407273 0.9527273 0.9520000 0.8847273
[484] 0.9278182 0.9641818 0.9430909 0.7916364 0.9260000 0.8963636 0.9521818
[491] 0.9260000 0.9190909 0.9636364 0.9338182 0.9463636 0.7983636 0.8430909
[498] 0.9325455 0.9672727 0.9732727

$PCD_vals_oLS
  [1] 0.77127273 0.49836364 0.80381818 0.88927273 0.95963636 0.77563636
  [7] 0.86909091 0.79618182 0.94527273 0.96163636 0.63654545 0.98345455
 [13] 0.83890909 0.61600000 0.95545455 0.91509091 0.87036364 0.78763636
 [19] 0.87309091 0.89581818 0.95981818 0.75527273 0.68236364 0.43000000
 [25] 0.81490909 0.90490909 0.73254545 0.92945455 0.23254545 0.86490909
 [31] 0.82054545 0.92981818 0.88181818 0.92672727 0.94654545 0.83890909
 [37] 0.90490909 0.91854545 0.90418182 0.94818182 0.89672727 0.94800000
 [43] 0.89454545 0.86490909 0.49618182 0.84581818 0.76454545 0.64654545
 [49] 0.98072727 0.79454545 0.80854545 0.82981818 0.91854545 0.77836364
 [55] 0.88781818 0.94727273 0.84290909 0.87527273 0.91181818 0.90672727
 [61] 0.88600000 0.59745455 0.87909091 0.95072727 0.91890909 0.80490909
 [67] 0.85327273 0.93436364 0.81236364 0.98163636 0.91054545 0.94200000
 [73] 0.86836364 0.81581818 0.91290909 0.82127273 0.72618182 0.48000000
 [79] 0.79745455 0.73290909 0.48636364 0.95654545 0.89036364 0.89363636
 [85] 0.72527273 0.90945455 0.93490909 0.79000000 0.95454545 0.80236364
 [91] 0.78290909 0.94254545 0.86363636 0.13018182 0.50545455 0.91400000
 [97] 0.95563636 0.90200000 0.51745455 0.86909091 0.59618182 0.86563636
[103] 0.87254545 0.91563636 0.76145455 0.79090909 0.92872727 0.77472727
[109] 0.96527273 0.75709091 0.87636364 0.87218182 0.95018182 0.89418182
[115] 0.95454545 0.87381818 0.90909091 0.90654545 0.75490909 0.79236364
[121] 0.94436364 0.81054545 0.89818182 0.82963636 0.66272727 0.93527273
[127] 0.89418182 0.90909091 0.92981818 0.98927273 0.47472727 0.85836364
[133] 0.77636364 0.92781818 0.95618182 0.90345455 0.87600000 0.79490909
[139] 0.93490909 0.81454545 0.84309091 0.89927273 0.72127273 0.87563636
[145] 0.85636364 0.91218182 0.91836364 0.88109091 0.98636364 0.09709091
[151] 0.94218182 0.88600000 0.91800000 0.74418182 0.45163636 0.60072727
[157] 0.99109091 0.82581818 0.93854545 0.76436364 0.83563636 0.85745455
[163] 0.88436364 0.94472727 0.84036364 0.48200000 0.79727273 0.94090909
[169] 0.76036364 0.61872727 0.79400000 0.41436364 0.74563636 0.85163636
[175] 0.81345455 0.63781818 0.97000000 0.11981818 0.48654545 0.88545455
[181] 0.80818182 0.91109091 0.67490909 0.71163636 0.96145455 0.84581818
[187] 0.65927273 0.84545455 0.92618182 0.87200000 0.55436364 0.73290909
[193] 0.77527273 0.74145455 0.95472727 0.95745455 0.94636364 0.88945455
[199] 0.88381818 0.80927273 0.73563636 0.71945455 0.91345455 0.90381818
[205] 0.85290909 0.84254545 0.85618182 0.49236364 0.60600000 0.67945455
[211] 0.94909091 0.93109091 0.92490909 0.81309091 0.95236364 0.80581818
[217] 0.82781818 0.38745455 0.93345455 0.81163636 0.52181818 0.91600000
[223] 0.76400000 0.75381818 0.80163636 0.96981818 0.64127273 0.14309091
[229] 0.84545455 0.96545455 0.97436364 0.89872727 0.81800000 0.94709091
[235] 0.92054545 0.53181818 0.45018182 0.76854545 0.87763636 0.54236364
[241] 0.88363636 0.45418182 0.41745455 0.93254545 0.70527273 0.79690909
[247] 0.93509091 0.32545455 0.75454545 0.76781818 0.89509091 0.60672727
[253] 0.92872727 0.50509091 0.59654545 0.87690909 0.90054545 0.78000000
[259] 0.89563636 0.95181818 0.79890909 0.92418182 0.92418182 0.90545455
[265] 0.90400000 0.95290909 0.87781818 0.95345455 0.78127273 0.52000000
[271] 0.49909091 0.49563636 0.95254545 0.84454545 0.20018182 0.84745455
[277] 0.42981818 0.84036364 0.94018182 0.94090909 0.66800000 0.98545455
[283] 0.90836364 0.65472727 0.98400000 0.99200000 0.88327273 0.81763636
[289] 0.82909091 0.95363636 0.41563636 0.83327273 0.87981818 0.69672727
[295] 0.94000000 0.84690909 0.87000000 0.61509091 0.85727273 0.72854545
[301] 0.89309091 0.89472727 0.79327273 0.91672727 0.96854545 0.88400000
[307] 0.21654545 0.58236364 0.88418182 0.84200000 0.93945455 0.75654545
[313] 0.74672727 0.93309091 0.83036364 0.64836364 0.74345455 0.94018182
[319] 0.87290909 0.98109091 0.91800000 0.86454545 0.08163636 0.92654545
[325] 0.89145455 0.84563636 0.89418182 0.78836364 0.50745455 0.86181818
[331] 0.33890909 0.72363636 0.96400000 0.93690909 0.76672727 0.76745455
[337] 0.81945455 0.66800000 0.50672727 0.93163636 0.82327273 0.48581818
[343] 0.85109091 0.91909091 0.76454545 0.90854545 0.95454545 0.17109091
[349] 0.92490909 0.91072727 0.75690909 0.84709091 0.88381818 0.62836364
[355] 0.92327273 0.96636364 0.90090909 0.68509091 0.92618182 0.89945455
[361] 0.97690909 0.83200000 0.93090909 0.79836364 0.93890909 0.73818182
[367] 0.96800000 0.96763636 0.63181818 0.93709091 0.91400000 0.96127273
[373] 0.71418182 0.60909091 0.86400000 0.84909091 0.90600000 0.84054545
[379] 0.87000000 0.90290909 0.85054545 0.89200000 0.58472727 0.86236364
[385] 0.90981818 0.93490909 0.85509091 0.95945455 0.93200000 0.73018182
[391] 0.96163636 0.93781818 0.98509091 0.84381818 0.88072727 0.95472727
[397] 0.69145455 0.93200000 0.55018182 0.92054545 0.04545455 0.92163636
[403] 0.87254545 0.73254545 0.98727273 0.95963636 0.84690909 0.97381818
[409] 0.69327273 0.95036364 0.44436364 0.86781818 0.97472727 0.50727273
[415] 0.86472727 0.90527273 0.71636364 0.49963636 0.91763636 0.85109091
[421] 0.90363636 0.93472727 0.87018182 0.73872727 0.75890909 0.47872727
[427] 0.91145455 0.74454545 0.81218182 0.75200000 0.81036364 0.92872727
[433] 0.76654545 0.47327273 0.77818182 0.89000000 0.95600000 0.89254545
[439] 0.89236364 0.73327273 0.86254545 0.72418182 0.46236364 0.50018182
[445] 0.84563636 0.91418182 0.80272727 0.83000000 0.73781818 0.88636364
[451] 0.44581818 0.96000000 0.80418182 0.94563636 0.97163636 0.86254545
[457] 0.50800000 0.94890909 0.83600000 0.70945455 0.59654545 0.94418182
[463] 0.93509091 0.86400000 0.88636364 0.75036364 0.68072727 0.93272727
[469] 0.92327273 0.98254545 0.51290909 0.92327273 0.90545455 0.49400000
[475] 0.85963636 0.39072727 0.75145455 0.94509091 0.91818182 0.76145455
[481] 0.87581818 0.86018182 0.93818182 0.85745455 0.92781818 0.89872727
[487] 0.57763636 0.90254545 0.66145455 0.92018182 0.97709091 0.92436364
[493] 0.79945455 0.80818182 0.75709091 0.55981818 0.85836364 0.25018182
[499] 0.93436364 0.93927273

$V_RF
  [1] 0.29001561 0.17546774 0.27318659 0.29261355 0.30437493 0.23981401
  [7] 0.18487542 0.26514868 0.29225411 0.28230565 0.25809036 0.30491674
 [13] 0.25228279 0.27921046 0.29327741 0.30226389 0.30218248 0.25060323
 [19] 0.29627815 0.29280551 0.30002640 0.20807699 0.22228752 0.14229775
 [25] 0.23424810 0.26701866 0.29568067 0.26470139 0.22187310 0.30170994
 [31] 0.27801008 0.30333657 0.29053717 0.28969720 0.25282150 0.29534891
 [37] 0.27825609 0.07910113 0.29016662 0.29448326 0.28943561 0.27874812
 [43] 0.22768749 0.29978448 0.20425390 0.18796784 0.23734604 0.27191833
 [49] 0.29882189 0.28154290 0.25845899 0.24987304 0.29867557 0.27315211
 [55] 0.27317687 0.29972451 0.26813112 0.24368827 0.29669385 0.29801164
 [61] 0.29969460 0.28706532 0.28679664 0.30047727 0.30025104 0.19316060
 [67] 0.28852784 0.30158428 0.30351371 0.30121015 0.30441609 0.29128011
 [73] 0.29353782 0.29426872 0.30301057 0.28371901 0.28269478 0.25364693
 [79] 0.26840895 0.30210751 0.25126331 0.30223931 0.29430529 0.27560640
 [85] 0.29570761 0.29912258 0.25501163 0.28966703 0.30240718 0.27069389
 [91] 0.23328533 0.29092892 0.26142509 0.26490216 0.14115660 0.29508313
 [97] 0.29868090 0.30435015 0.27204839 0.30005544 0.26814202 0.23568318
[103] 0.29332583 0.29705340 0.30078786 0.26880086 0.29395879 0.28881220
[109] 0.29226933 0.26721797 0.28959380 0.26914461 0.29606885 0.29375010
[115] 0.29684184 0.30074711 0.26166502 0.27332513 0.26338564 0.24499099
[121] 0.30486448 0.29021731 0.30465631 0.27272153 0.26043272 0.29571109
[127] 0.28744295 0.29526491 0.24264609 0.29638261 0.18720765 0.27772855
[133] 0.24439578 0.22311018 0.29982448 0.29708944 0.28039134 0.25330924
[139] 0.30329651 0.27565373 0.28505755 0.27888613 0.25286379 0.30504296
[145] 0.27241304 0.29078423 0.30450277 0.30049594 0.30338838 0.24411622
[151] 0.29747032 0.28257109 0.30301274 0.21904012 0.28420617 0.29513877
[157] 0.29510328 0.27116683 0.29561893 0.25811303 0.30024005 0.21031445
[163] 0.27953496 0.30168635 0.29522459 0.18951279 0.26159864 0.28495017
[169] 0.24999378 0.27774854 0.24269980 0.30407149 0.27544651 0.29921478
[175] 0.29553972 0.28442947 0.28691904 0.15238149 0.26974461 0.28385744
[181] 0.29698096 0.30313715 0.18540504 0.30457124 0.30196440 0.30509893
[187] 0.20183513 0.30126555 0.30117948 0.29496750 0.29135408 0.29905277
[193] 0.21131405 0.16897357 0.29951503 0.29125695 0.30339118 0.25616748
[199] 0.30208279 0.30374927 0.09025126 0.24103974 0.26909602 0.21997682
[205] 0.26823215 0.29795333 0.30368529 0.30038299 0.28912877 0.27876691
[211] 0.24738209 0.25571292 0.30319867 0.29645584 0.29928883 0.29242304
[217] 0.28712651 0.28419507 0.30311832 0.27632673 0.20737030 0.28500841
[223] 0.16220057 0.30309584 0.28910306 0.29704634 0.14774809 0.05268599
[229] 0.29744554 0.30219691 0.29711705 0.29107988 0.28159190 0.29370931
[235] 0.29934440 0.29480560 0.29356289 0.18515502 0.27645424 0.27576069
[241] 0.28247810 0.25920312 0.26192085 0.30217302 0.29088673 0.29395651
[247] 0.29953610 0.06748967 0.26613850 0.28464756 0.29192202 0.30348924
[253] 0.29226165 0.29892067 0.28817909 0.25655666 0.29931615 0.24659305
[259] 0.28265171 0.30368529 0.28478665 0.29324613 0.28588288 0.28028025
[265] 0.26930257 0.29342705 0.28973854 0.29368912 0.24637441 0.17774660
[271] 0.22926824 0.12125493 0.29261652 0.28414402 0.28033235 0.26957310
[277] 0.25341703 0.26192007 0.28299163 0.29027753 0.26366151 0.30449438
[283] 0.28299400 0.28864410 0.29690561 0.29912742 0.29557802 0.27195657
[289] 0.29994976 0.27622958 0.29606740 0.29242765 0.29760988 0.29436175
[295] 0.27912071 0.25722580 0.29149222 0.22203247 0.27813030 0.26899996
[301] 0.29733047 0.29914532 0.29273334 0.27464701 0.30241297 0.26894125
[307] 0.27133245 0.25540617 0.23037827 0.28380272 0.29928836 0.28230119
[313] 0.22414674 0.30379667 0.29533815 0.27754737 0.14776435 0.27243718
[319] 0.28539655 0.30089473 0.29397120 0.26497554 0.22452117 0.28740175
[325] 0.29827701 0.28300865 0.27713533 0.20307277 0.28959819 0.30090731
[331] 0.29594393 0.29510267 0.29491306 0.29613138 0.30048220 0.26275122
[337] 0.29924607 0.26824862 0.26283098 0.30251311 0.28472289 0.30069651
[343] 0.28698475 0.25198488 0.26148734 0.30529145 0.29669685 0.30460324
[349] 0.28270588 0.27310987 0.26180001 0.29399625 0.28939975 0.28312197
[355] 0.30316907 0.30431078 0.30358625 0.24340923 0.30022600 0.29117736
[361] 0.30312508 0.30519459 0.29416504 0.23836167 0.30278869 0.20602117
[367] 0.30323517 0.28130615 0.13619790 0.29404629 0.24167063 0.29987307
[373] 0.30442085 0.28732510 0.30423772 0.20684232 0.29850566 0.29788211
[379] 0.23914757 0.27710456 0.30276625 0.30162447 0.28992494 0.26845614
[385] 0.30408252 0.30405328 0.26783091 0.28503077 0.28311886 0.24128341
[391] 0.29603484 0.29653830 0.29667164 0.25541945 0.26663619 0.28542050
[397] 0.27549452 0.27313110 0.22032653 0.29229128 0.26908783 0.29547613
[403] 0.26823722 0.26447902 0.29548543 0.29627529 0.11459046 0.29592204
[409] 0.25439394 0.27335823 0.24337177 0.28057244 0.29098788 0.29560522
[415] 0.28813244 0.30260624 0.29350100 0.29688260 0.29316789 0.24056342
[421] 0.30019739 0.28023140 0.28590003 0.27911486 0.30061803 0.25801361
[427] 0.29649023 0.25882742 0.30341844 0.29430347 0.27392302 0.30065683
[433] 0.28918213 0.25357804 0.24110450 0.24920430 0.25784008 0.29712079
[439] 0.26890874 0.28315303 0.27751185 0.21963066 0.28928730 0.21737098
[445] 0.29510256 0.30392958 0.29400230 0.28326108 0.27605767 0.29185795
[451] 0.28548134 0.30339176 0.29764910 0.29535497 0.29991998 0.29765104
[457] 0.27622171 0.25239117 0.29237443 0.28036609 0.22388522 0.29573539
[463] 0.29916937 0.28039766 0.26291777 0.27259711 0.22517618 0.30342298
[469] 0.30062953 0.28152329 0.27712310 0.22449899 0.28567532 0.19100401
[475] 0.29352427 0.22014860 0.23443082 0.27323838 0.29994138 0.10274901
[481] 0.28867866 0.28788055 0.27795986 0.30222089 0.29259779 0.26849983
[487] 0.28001511 0.27422864 0.28634139 0.29736262 0.29812989 0.28693231
[493] 0.30064153 0.19685758 0.30045246 0.27279219 0.27926244 0.29687301
[499] 0.29639542 0.30424035

$V_CXLS
  [1]  0.2973293996  0.2305087244  0.2498045296  0.2409751323  0.2994854768
  [6]  0.2606554083  0.2897038527  0.2451268113  0.2898647318  0.2891556894
 [11]  0.1893363391  0.3004982124  0.2630397840  0.2787518945  0.2996767799
 [16]  0.2995046463  0.2911749633  0.2574479765  0.3029755644  0.3010916247
 [21]  0.2894777293  0.2973034952  0.2383901937  0.2326292785  0.1251024337
 [26]  0.2172232881  0.2963384562  0.2683088135  0.1735409027  0.2864906863
 [31]  0.2908855737  0.3014057685  0.2948638389  0.2971518362  0.2845386788
 [36]  0.3009251819  0.2771963172  0.2252003568  0.2895357694  0.2828531332
 [41]  0.2353417183  0.2701845549  0.2520729449  0.3024126648  0.0020908846
 [46]  0.1063903884  0.2101868702  0.2216017957  0.2959810519  0.2556160359
 [51]  0.2784034391  0.2515878860  0.2927251616  0.1906047600  0.2775368002
 [56]  0.2351285425  0.3037082481  0.0039811488  0.2940417139  0.2905317905
 [61]  0.2815838395  0.2406050178  0.2795729978  0.2932885051  0.2916990958
 [66]  0.1705960232  0.2881119498  0.3041246655  0.2913904376  0.2714640741
 [71]  0.2637998938  0.2962950492  0.3050499841  0.2896557237  0.3032570042
 [76]  0.2831578043  0.3036477001  0.1947428164  0.2570577839  0.3012526923
 [81]  0.2363857832  0.2910059289  0.2834931078  0.2915584294  0.3019599098
 [86]  0.3047717806  0.2208656775  0.3048205263  0.2945781529  0.2158014043
 [91]  0.1942739183  0.2667507053  0.2412517732 -0.0741390424  0.2937094816
 [96]  0.2818284582  0.2917762011  0.3032950396  0.2815157576  0.2530730732
[101]  0.2103493392  0.2690693078  0.2691002614  0.2926173062  0.3037660402
[106]  0.2638601677  0.1911621820  0.2268554876  0.2616383450  0.2702450495
[111]  0.2961130677  0.2982452439  0.2849506406  0.2848476205  0.2665765713
[116]  0.2866800322  0.2830737613  0.2707103253  0.2921925663  0.1389354297
[121]  0.3045466138  0.1973339886  0.2854668491  0.2676240487  0.2802018607
[126]  0.2510863151  0.3002278864  0.3027231675  0.1370434423  0.2882882301
[131]  0.1142932101  0.2560376907  0.2054540976  0.2935444874  0.2929426147
[136]  0.3049265872  0.2371814311  0.2069597960  0.3040888973  0.2696087145
[141]  0.2636592023  0.2905596983  0.2493581545  0.2863431333  0.2450802468
[146]  0.2773527135  0.3030983788  0.3018434116  0.3009114597  0.1246128092
[151]  0.2968484654  0.2941674924  0.3033186376  0.2846571029  0.2494587525
[156]  0.0827646365  0.2989228124  0.2840200665  0.3053123578  0.2115334377
[161]  0.2906668223  0.1964285304  0.2941314760  0.2981333660  0.2928403874
[166]  0.2394635407  0.2672078820  0.2951870393  0.2992747067  0.1148174268
[171]  0.3027378119  0.2908157902  0.2710637635  0.2899256760  0.2744280056
[176]  0.2766431073  0.2983616042  0.2642830455  0.2960068929  0.2966979807
[181]  0.2903468633  0.2838394049  0.0922638027  0.2939526553  0.3025848028
[186]  0.2894225460  0.1957227489  0.2909208416  0.3038215708  0.3038798490
[191]  0.2924136780  0.2990395283  0.2995675347  0.2682174551  0.2930113578
[196]  0.2859292647  0.2700716369  0.2773916694  0.2887552720  0.1383016029
[201]  0.0954656175  0.2819634736  0.2710215970  0.2646450240  0.2622489503
[206]  0.2928994208  0.2963763078  0.2669875866  0.2765680631  0.2498629737
[211]  0.2521546419  0.2635336377  0.2933267579  0.2841630472  0.2907550986
[216]  0.2717175345  0.3010546523  0.2386809975  0.3000492621  0.2535161387
[221]  0.2418098995  0.2807251629  0.2472789786  0.2764082185  0.2153860066
[226]  0.2875408493  0.2268271968  0.0019889302  0.2738553573  0.2749415430
[231]  0.3031749597  0.2998509925  0.2890669649  0.2582402338  0.3012142445
[236]  0.2572451809  0.2412536118  0.0547550573  0.2738188777  0.2981675106
[241]  0.2535476248  0.2958347814  0.2683900503  0.3015997354  0.2872142933
[246]  0.2759160291  0.3028199547  0.0019903033  0.2583044643  0.2881138692
[251]  0.2928127688  0.2951877284  0.2984296513  0.2789135652  0.2785426330
[256]  0.2892696982  0.2999565456  0.1894810863  0.2121365543  0.2908585879
[261]  0.2517333111  0.2508571732  0.2866561509  0.2556671874  0.2738244366
[266]  0.2993829701  0.2762988156  0.2563081687  0.2613339055  0.1618645803
[271]  0.1255119061 -0.0004967388  0.2956813543  0.2795446999  0.2910647492
[276]  0.2642533412  0.2276605247  0.2263567534  0.2901668369  0.2830465668
[281]  0.2558535811  0.3047574665  0.2857499292  0.1559097336  0.2976945902
[286]  0.2936317025  0.2933287765  0.2953053678  0.2970411672  0.2664387983
[291]  0.0198187768  0.2942062044  0.2784415020  0.2013014224  0.1960984002
[296]  0.2355435024  0.2921143939  0.1622862784  0.2850847728  0.2684782499
[301]  0.2899325881  0.2958715032  0.1904957812  0.2900415359  0.3020407356
[306]  0.2207792097  0.2650984630  0.2210274321  0.2343786557  0.2631699476
[311]  0.3015384812  0.2861565734  0.2498846532  0.2982558362  0.2774821203
[316]  0.2502916598  0.2889552693  0.2375521689  0.2964258302  0.3042445789
[321]  0.2652467880  0.2791402737 -0.1074386382  0.3008451067  0.3005785538
[326]  0.2849420504  0.2972226786  0.1759836920  0.2045052696  0.2849634548
[331]  0.1540010227  0.2686464751  0.2954998926  0.2974398083  0.2790618674
[336]  0.2567177426  0.2994247579  0.2211771119  0.2920225297  0.3012267702
[341]  0.1722546852  0.2504849616  0.2701014376  0.2389642822  0.2393803385
[346]  0.2950637947  0.2849235293  0.2699452959  0.2971805931  0.2735662479
[351]  0.2795725605  0.2885179313  0.3047343251  0.2772024321  0.3016917625
[356]  0.2979399945  0.3053187859  0.2443340127  0.2851381084  0.2898216848
[361]  0.3046208662  0.2384436339  0.2964825761  0.2137319430  0.2986900994
[366]  0.2261598032  0.2942473316  0.2875549788  0.2559349499  0.3039927424
[371]  0.2787558106  0.2867894867  0.2861087551  0.2634075081  0.3025288037
[376]  0.2148896825  0.2993935422  0.2952027647  0.3014123824  0.2822739858
[381]  0.2966490465  0.2872720609  0.2312382182  0.2656831191  0.3048535297
[386]  0.2976880778  0.2697723791  0.2484317299  0.2789977449  0.1486813001
[391]  0.2942233543  0.2995478148  0.3003090477  0.3042199497  0.2813500320
[396]  0.2875126537  0.1176503292  0.2750607707  0.2626199215  0.3021486377
[401]  0.2340608678  0.2991443281  0.2933692481  0.2675346391  0.3036644316
[406]  0.2487558637  0.2874703227  0.2989391486  0.2591711205  0.2709709958
[411]  0.1366630429  0.2279784867  0.2452619419  0.1468555068  0.2831106314
[416]  0.3020279468  0.2940732288  0.1245711736  0.2742396391  0.2416153134
[421]  0.3046577796  0.2951470271  0.2892510764  0.2679469016  0.2819525278
[426]  0.2372813975  0.2929009298  0.2208592988  0.3033887681  0.3048606095
[431]  0.2992456795  0.2987583226  0.2619268336  0.1868134286  0.2836464041
[436]  0.2785492298  0.2069007303  0.2850336703  0.2744670711  0.2382709166
[441]  0.3025525778  0.2135946335  0.2593692082  0.3038579594  0.2945846916
[446]  0.3021263237  0.2875682319  0.2992443952  0.3051553658  0.2671014976
[451]  0.2899885774  0.3034010947  0.2800887928  0.3033766723  0.2910909594
[456]  0.2850748187  0.2425283860  0.2306550124  0.2438541770  0.2655035391
[461]  0.0788473145  0.3030812167  0.3019132131  0.2931114557  0.2547391097
[466]  0.2952695712  0.2237054317  0.2990060203  0.2923478069  0.2813618618
[471]  0.3035442365  0.2928206249  0.2946241872  0.1671227314  0.3030309712
[476]  0.2263755956  0.0906969061  0.1629976888  0.2831698038  0.1688981389
[481]  0.2994362656  0.3013505282  0.2709408017  0.2909657009  0.3022897575
[486]  0.2966369904  0.2063602497  0.2930965068  0.2828761704  0.2989089446
[491]  0.2892919843  0.2886766629  0.3011307746  0.2967943555  0.2973804774
[496]  0.2086136168  0.2647563877  0.2920235138  0.3018086328  0.3036559390

$V_OLS
  [1]  0.2091097015  0.0013750640  0.2204718228  0.2790764935  0.3006874933
  [6]  0.2029633042  0.2753691838  0.2078957724  0.2971543454  0.3018086719
 [11]  0.0902841892  0.3044682686  0.2582043398  0.0769554964  0.2996855790
 [16]  0.2912018706  0.2696539145  0.2126280707  0.2713142110  0.2849346567
 [21]  0.3001947867  0.1888100580  0.1295974836 -0.0454624399  0.2332529705
 [26]  0.2818546222  0.1713320977  0.2913746246 -0.1965383458  0.2591085702
 [31]  0.2291936576  0.2927754084  0.2827835783  0.2910979832  0.3004132919
 [36]  0.2616068870  0.2812844235  0.2880955922  0.2832094310  0.2999267130
 [41]  0.2765042901  0.2994954212  0.2858211623  0.2755811264  0.0019903033
 [46]  0.2532047995  0.1878937591  0.0987143391  0.3045618336  0.2127212347
 [51]  0.2391890350  0.2397011100  0.2882519438  0.2010254980  0.2778302134
 [56]  0.3005465950  0.2455739479  0.2757214047  0.2851943258  0.2794479944
 [61]  0.2718056959  0.0763784202  0.2811688281  0.3012243631  0.2947661137
 [66]  0.2253736202  0.2677178703  0.2942318223  0.2244810199  0.3043992413
 [71]  0.2857321691  0.2972607142  0.2738491464  0.2335292082  0.2906367020
 [76]  0.2327901643  0.1709343880 -0.0071591627  0.2190034385  0.1832123270
 [81]  0.0065735438  0.2991814025  0.2771769460  0.2834451185  0.1591177141
 [86]  0.2838779626  0.2925426192  0.2047369358  0.3012432130  0.2212377403
 [91]  0.2028356852  0.2963933654  0.2703294779 -0.2607407289  0.0070749364
 [96]  0.2850425521  0.3003609213  0.2802953384  0.0110736870  0.2754863687
[101]  0.0666271306  0.2701036479  0.2620717739  0.2916145380  0.1868632515
[106]  0.2128204956  0.2898685049  0.1934501345  0.3029977505  0.1932504128
[111]  0.2671795539  0.2702941002  0.2985783139  0.2783226368  0.3012059978
[116]  0.2793209227  0.2858356452  0.2824898789  0.2008299340  0.2303926147
[121]  0.2972384674  0.2332648604  0.2793503747  0.2466645605  0.1134548637
[126]  0.2970266355  0.2879622725  0.2851123267  0.2903597135  0.3050528895
[131] -0.0118417331  0.2586572343  0.2008625100  0.2919850491  0.2995532884
[136]  0.2823625292  0.2649489064  0.2149160637  0.2944033456  0.2307191217
[141]  0.2448263719  0.2769733310  0.1471397258  0.2665244149  0.2576064745
[146]  0.2889993780  0.2892196088  0.2686585935  0.3046526661 -0.2819526247
[151]  0.2989215654  0.2716693122  0.2931077376  0.1886224415 -0.0243385406
[156]  0.0657777737  0.3051386665  0.2351202719  0.2972359282  0.1910707123
[161]  0.2418171962  0.2542032790  0.2720997275  0.2962197352  0.2486085921
[166]  0.0026369133  0.2107165347  0.2991155081  0.1901185896  0.0806500470
[171]  0.2095916441 -0.0587947597  0.1780883106  0.2517023101  0.2295680297
[176]  0.0928269941  0.3040385957 -0.2652474308 -0.0135094055  0.2739892473
[181]  0.2368626601  0.2849757003  0.1252273838  0.1449960697  0.3018663040
[186]  0.2459563297  0.1074639427  0.2479749372  0.2884070555  0.2662411991
[191]  0.0313828954  0.1734490709  0.1941582567  0.1841509879  0.3004283521
[196]  0.2998379878  0.2971046203  0.2756030832  0.2835318137  0.2273287152
[201]  0.1634393547  0.1491244324  0.2871913561  0.2804526453  0.2636667631
[206]  0.2517020218  0.2477000878 -0.0122512217  0.0699976433  0.1225491257
[211]  0.3010157591  0.2938852907  0.2918377979  0.2271034152  0.2975213980
[216]  0.2288839633  0.2515399743 -0.0749755882  0.2940234904  0.2212976171
[221]  0.0080242135  0.2872669056  0.1943584151  0.1896388077  0.2164861925
[226]  0.3030061037  0.0975084180 -0.2621058274  0.2462040569  0.3029554741
[231]  0.3036918389  0.2789290454  0.2278076986  0.2976391158  0.2893587161
[236]  0.0152333507 -0.0243510349  0.1959054811  0.2693129692  0.0048229283
[241]  0.2741641612 -0.0268928063 -0.0565823218  0.2930321968  0.1432935881
[246]  0.2295222912  0.2980841591 -0.1377262694  0.1804212462  0.1959327824
[251]  0.2770593729  0.0748069740  0.2909223236  0.0048195832  0.0694250987
[256]  0.2683039566  0.2849666305  0.2226968934  0.2792225145  0.3003732239
[261]  0.2202448793  0.2906490544  0.2866240014  0.2812536556  0.2836970746
[266]  0.2988459305  0.2687033410  0.2991919078  0.1993761051  0.0132839847
[271]  0.0013900989  0.0003462059  0.3002181757  0.2465369121 -0.2067531814
[276]  0.2489735298 -0.0498614626  0.2463544296  0.2964928249  0.2966176851
[281]  0.1110961230  0.3046724882  0.2834869814  0.1136387546  0.3047043552
[286]  0.3051459776  0.2756266803  0.2244804446  0.2605008995  0.3002958597
[291] -0.0565058938  0.2384962179  0.2649245938  0.1398231856  0.2984327374
[296]  0.2480554360  0.2722267905  0.0717953527  0.2556971824  0.1609658173
[301]  0.2699787869  0.2803656581  0.2311395056  0.2898704411  0.3013618845
[306]  0.2718211499 -0.2171793808  0.0394408659  0.2740989961  0.2400123549
[311]  0.2957456190  0.2070075824  0.1722533105  0.2960390050  0.2391606510
[316]  0.1011193989  0.1818024600  0.2960651876  0.2653219300  0.3041052580
[321]  0.2852231502  0.2616671326 -0.2843548320  0.2942837742  0.2790866696
[326]  0.2594546161  0.2807114741  0.2020612054  0.0018065163  0.2637653076
[331] -0.1043042011  0.1539097794  0.3014413265  0.2944122345  0.1933364250
[336]  0.1973832775  0.2361992678  0.1174426154 -0.0009986822  0.2928122321
[341]  0.2314888491 -0.0073741697  0.2509209551  0.2861533357  0.1990669955
[346]  0.2877807253  0.2997404675 -0.2403305803  0.2906328217  0.2834371663
[351]  0.1740632093  0.2634510360  0.2722781455  0.0793823751  0.2903017974
[356]  0.3022155779  0.2804755992  0.1284298842  0.2944999932  0.2783394535
[361]  0.3044851258  0.2483721646  0.2936107435  0.2094500447  0.2959734199
[366]  0.1668895979  0.3034356009  0.3027526528  0.0930776805  0.2973016005
[371]  0.2855763045  0.3014919715  0.1677132080  0.0759603179  0.2579385471
[376]  0.2634735704  0.2872904921  0.2404149141  0.2687489843  0.2885347826
[381]  0.2519227574  0.2766987469  0.0424769017  0.2568785471  0.2878986424
[386]  0.2971976090  0.2683226396  0.3008345480  0.2947047870  0.1805838736
[391]  0.3014733293  0.2947151510  0.3045322049  0.2431326784  0.2802806242
[396]  0.3011318542  0.1279495544  0.2919064510  0.0151182337  0.2863385257
[401] -0.2961856828  0.2883094334  0.2608314106  0.1584413621  0.3048989527
[406]  0.3008547819  0.2488889489  0.3038670243  0.1254310130  0.2982136122
[411] -0.0256416147  0.2602458361  0.3032035480  0.0059788422  0.2750257100
[416]  0.2871147883  0.1691955372  0.0019903033  0.2879321209  0.2563346429
[421]  0.2815050729  0.2933684040  0.2695786223  0.1771402755  0.1879800326
[426] -0.0145437463  0.2928989283  0.1939543514  0.2261457995  0.1784990037
[431]  0.2207382680  0.2926265816  0.1853231663 -0.0100817662  0.1905541398
[436]  0.2746268272  0.2998003255  0.2764387114  0.2749370119  0.1748812976
[441]  0.2571278084  0.1624674458 -0.0200527661  0.0010513792  0.2642930161
[446]  0.2862255901  0.2082496282  0.2520786166  0.1682086070  0.2696716024
[451] -0.0355480348  0.3001242790  0.2274934721  0.2977857631  0.3032344938
[456]  0.2576789050  0.0013614699  0.2987041341  0.2427272559  0.1631555869
[461]  0.0640510168  0.2962498845  0.2958983675  0.2596245534  0.2686977019
[466]  0.1783752470  0.1267008673  0.2929980019  0.2932763669  0.3042757176
[471] -0.0022299371  0.2903171656  0.2933248555  0.0019903033  0.2575582928
[476] -0.0673216227  0.1768941711  0.2959810217  0.2905782381  0.1854659688
[481]  0.2722210990  0.2552666433  0.2957813988  0.2669705487  0.2913769976
[486]  0.2767571513  0.0601491397  0.2792097831  0.1112795804  0.2867256590
[491]  0.3037082845  0.2929840775  0.2179451348  0.2408021649  0.2011505862
[496]  0.0419161894  0.2744814163 -0.1755573929  0.2946581640  0.2944477329

$Beta_CX
                [,1]         [,2]          [,3]
  [1,]  0.0632453793  0.668032611  0.4908782162
  [2,] -0.2485692682  0.305336213  0.3381397581
  [3,]  0.1107863402  0.250753991  0.7140002123
  [4,] -0.1901736745  0.211512080  0.4148989583
  [5,] -0.0460858996  0.486936898  0.3785193933
  [6,]  0.2182588338  0.400780922  0.3556595950
  [7,]  0.0980033520  0.368887610  0.2918194409
  [8,] -0.0409063486  0.456133473  0.1397609623
  [9,] -0.0260751654  0.700603483  0.4283089553
 [10,] -0.1351175249  0.492368566  0.3886199812
 [11,] -0.0494737245  0.024191625  0.4100549394
 [12,]  0.0909733981  0.498798775  0.5454476953
 [13,]  0.1574030407  0.286294754  0.2724116096
 [14,]  0.1787057508  0.393666178  0.4152775788
 [15,] -0.0120860904  0.611880836  0.4597649185
 [16,]  0.0868923383  0.546142375  0.6745634520
 [17,] -0.0608921962  0.485217692  0.7592219480
 [18,] -0.1725775193  0.446489011  0.2498768150
 [19,] -0.0191943953  0.401325424  0.4785790013
 [20,] -0.1173080042  0.668618071  0.7127546239
 [21,] -0.1014978251  0.651496580  0.4274497744
 [22,]  0.0226485695  0.418816336  0.3001181501
 [23,] -0.0802333350  0.255489363  0.0918753332
 [24,] -0.0956825807  0.097648652  0.2872660665
 [25,]  0.0030405630 -0.066027000  0.3008492286
 [26,] -0.0571570647  0.367616808  0.0677086492
 [27,] -0.0521823386  0.353972276  0.4893228947
 [28,] -0.1580877721  0.272874066  0.4010280393
 [29,] -0.0670458400  0.011817607  0.1736754335
 [30,] -0.0725739185  0.233520647  0.3543748238
 [31,] -0.1174062782  0.354141368  0.4266379945
 [32,]  0.0256147190  0.532970588  0.4252847367
 [33,] -0.1255547898  0.552969447  0.7352942508
 [34,] -0.0567717378  0.298064808  0.3863528849
 [35,]  0.1524993689  0.378007258  0.4788331982
 [36,] -0.0027585747  0.538685177  0.4183629847
 [37,]  0.0292776897  0.278770105  0.5568873332
 [38,] -0.0129573105  0.087275993  0.4228138860
 [39,]  0.0913481269  0.615066898  0.4028132257
 [40,] -0.0647695321  0.278002383  0.4852182334
 [41,] -0.0541956152  0.137683629  0.5273333848
 [42,]  0.1764050056  0.332384169  0.5520455611
 [43,]  0.2379985926  0.353261203  0.3955816979
 [44,] -0.0366911317  0.404347345  0.4794357021
 [45,]  0.3808510225  0.001774496 -0.1230694477
 [46,] -0.3088120245  0.142199740  0.2648616087
 [47,]  0.0760167418  0.068565903  0.4241864522
 [48,]  0.0702122554  0.064711285  0.2641688350
 [49,]  0.0122827830  0.239116690  0.3467280927
 [50,] -0.2063133054  0.297005295  0.4006891538
 [51,] -0.2726399043  0.618127592  0.6005914527
 [52,]  0.1302909561  0.475831272  0.1970385991
 [53,]  0.0879690645  0.709628729  0.4836796247
 [54,]  0.1833602847  0.212357018  0.1564959753
 [55,]  0.2957402897  0.626168578  0.6922690063
 [56,] -0.0526656206  0.055293561  0.1003078629
 [57,]  0.0453435947  0.419661857  0.4246766358
 [58,]  0.0188283734 -0.004397525  0.0064585514
 [59,]  0.0379910778  0.358286609  0.2469455261
 [60,]  0.0749028711  0.562128362  0.3698535928
 [61,]  0.0478018256  0.328103288  0.6057302395
 [62,]  0.1934676895  0.318854814  0.2378813028
 [63,]  0.1556767184  0.408584364  0.3381326672
 [64,]  0.1248904377  0.413736254  0.4545567241
 [65,] -0.1510602395  0.486664514  0.6120571910
 [66,]  0.2480795553  0.085502749  0.4028165449
 [67,] -0.0505577380  0.558528180  0.3386404239
 [68,] -0.0456806943  0.488360688  0.4936692961
 [69,]  0.0859443232  0.519980245  0.3602346947
 [70,]  0.1446016567  0.407119917  0.8138156406
 [71,] -0.0653150212  0.198889572  0.4641389002
 [72,]  0.0976385605  0.436355327  0.5507777564
 [73,] -0.0101600844  0.339587051  0.3561435825
 [74,]  0.1212006020  0.507073180  0.3792230657
 [75,] -0.0548834109  0.461537013  0.4501756926
 [76,]  0.1600571736  0.507002278  0.3852327204
 [77,] -0.0249228330  0.402758038  0.3559308079
 [78,] -0.1999419471  0.105912399  0.3733996458
 [79,]  0.2295201254  0.408441186  0.3558131453
 [80,] -0.0083798388  0.120175137  0.1512269170
 [81,] -0.2300532235  0.279512785  0.3511521499
 [82,] -0.0155614636  0.299269894  0.4789060685
 [83,]  0.1141085730  0.364974863  0.5907922096
 [84,] -0.1161581581  0.442689341  0.3632640089
 [85,] -0.0164194810  0.340858017  0.4225103314
 [86,] -0.0154570868  0.484892210  0.4498241679
 [87,]  0.0372455547  0.162419925  0.8665831232
 [88,]  0.0017630777  0.521070402  0.4783303321
 [89,] -0.0958801974  0.397021481  0.5204916811
 [90,] -0.0971327215  0.413523415  0.0831320529
 [91,] -0.2802824868  0.355466347  0.2243504315
 [92,] -0.1442816535  0.411801730  0.2478748891
 [93,] -0.1551343441  0.541877515  0.1951469263
 [94,] -0.1823417819 -0.207458580  0.0530832766
 [95,] -0.0227115843  0.292868924  0.4427360438
 [96,] -0.1109780337  0.304289309  0.4855570345
 [97,] -0.0430255246  0.383756732  0.5961990700
 [98,] -0.0252487951  0.416912336  0.3610564847
 [99,] -0.0426143040  0.203394671  0.3675574658
[100,] -0.0494099136  0.137330964  0.3812645887
[101,] -0.1492346071  0.101242675  0.3122916472
[102,] -0.2138121321  0.448955672  0.3819176663
[103,]  0.0855412863  0.346218537  0.7596025163
[104,] -0.0602031315  0.462508961  0.7019253157
[105,] -0.0013436676  0.368117238  0.3169481197
[106,] -0.0561105313  0.531129345  0.2215139230
[107,] -0.2133956688  0.082444686  0.6281767053
[108,]  0.0542936040  0.622983448  0.1347424129
[109,] -0.1410788256  0.292708032  0.2195450539
[110,]  0.0006999677  0.240432197  0.5376665840
[111,] -0.0325533548  0.377708706  0.2676462666
[112,]  0.0768709753  0.338252817  0.3513980445
[113,]  0.0348350747  0.519212041  0.2948175918
[114,]  0.0302725770  0.233330988  0.4090271969
[115,] -0.0026483526  0.347347211  0.8207282713
[116,]  0.0274157275  0.259950498  0.1556974884
[117,]  0.0880154009  0.239138071  0.3642782951
[118,]  0.0293708936  0.180363825  0.3942018338
[119,] -0.0653790565  0.373614304  0.2651114352
[120,] -0.2110475832  0.147738769  0.1819998349
[121,]  0.0070341389  0.416301005  0.3754169065
[122,]  0.0520227542  0.029927944  0.2843976107
[123,] -0.1145607287  0.286512482  0.3404000215
[124,]  0.1452359294  0.248223810  0.3577003195
[125,]  0.0512480009  0.174850642  0.3086459626
[126,]  0.1131458700  0.156943194  0.3462113665
[127,]  0.0947147812  0.492158359  0.5177476864
[128,] -0.0467199068  0.378332678  0.3532273719
[129,]  0.2180653869  0.118345315  0.2137298575
[130,] -0.0455385351  0.659610712  0.3963487403
[131,]  0.0625056639  0.299947157 -0.0789127146
[132,] -0.0142447557  0.506034820  0.1811059631
[133,] -0.2119378490  0.494363107  0.1251082368
[134,]  0.0413080578  0.374577906  0.5618799326
[135,]  0.0609948294  0.396499874  0.2802872864
[136,] -0.0164079480  0.460017121  0.4350070616
[137,]  0.0915120458  0.143553013  0.4904184745
[138,]  0.1950643202  0.377171162  0.1265285969
[139,]  0.0360168170  0.448884923  0.4845192171
[140,]  0.0218446526  0.500274624  0.2216894904
[141,] -0.1563988927  0.254039183  0.4359704216
[142,] -0.0482109637  0.743611502  0.4644112864
[143,]  0.0912391820  0.637850771  0.2177630861
[144,] -0.1246394486  0.403051616  0.6151157490
[145,]  0.1226136856  0.203696682  0.5939091810
[146,] -0.2366602133  0.489175349  0.6733800944
[147,]  0.0405439116  0.411537075  0.3716791800
[148,] -0.0453497794  0.340821078  0.3074280537
[149,] -0.0584902755  0.683309193  0.5508375120
[150,]  0.1259544721  0.053774525  0.1238304359
[151,] -0.0050999457  0.427013301  0.6105102295
[152,]  0.0771052762  0.724374075  0.5007390810
[153,] -0.0357051125  0.527573072  0.6103300364
[154,] -0.1769854360  0.473670884  0.4389670010
[155,] -0.1100739611  0.481582162  0.1812507610
[156,]  0.1489857661  0.493058326 -0.2033155603
[157,]  0.0034888815  0.371281824  0.2733463362
[158,] -0.0695314995  0.304931795  0.5221251030
[159,] -0.0004338489  0.283705903  0.2875916540
[160,]  0.1557896729  0.204818651  0.1518373368
[161,] -0.0690463801  0.460917693  0.3073435238
[162,]  0.1073355713  0.058802614  0.5748331411
[163,] -0.0015567269  0.552630861  0.3651751805
[164,] -0.0888317930  0.463849158  0.4009377475
[165,] -0.0607599130  0.251350921  0.3491526914
[166,]  0.0924343384  0.102512739  0.2479594130
[167,] -0.1230595232  0.215017175  0.3625934742
[168,]  0.1726856490  0.654048885  0.6282042494
[169,] -0.0417431091  0.441319842  0.3409299182
[170,] -0.1798082130  0.154882395  0.0938275227
[171,]  0.0385403577  0.287402271  0.2826974038
[172,] -0.0403583889  0.269285516  0.1800924784
[173,] -0.1808239676  0.362713883  0.3513937553
[174,] -0.0178775243  0.546971395  0.3345735231
[175,] -0.1338675287  0.297189753  0.5097025315
[176,] -0.0144616029  0.105833767  0.2121307526
[177,] -0.1370471233  0.601456792  0.6341571301
[178,]  0.0952966916  0.167454271  0.3140457290
[179,] -0.0656180045  0.255442164  0.2993387931
[180,]  0.0967980656  0.461085305  0.3962005312
[181,] -0.0019980769  0.366608435  0.5960037932
[182,] -0.1758596636  0.503463182  0.4202627820
[183,] -0.0558685737  0.374825870 -0.1406748097
[184,] -0.0199447664  0.167595555  0.2486568575
[185,] -0.0085344803  0.460825793  0.5627393789
[186,] -0.0669502416  0.364412127  0.5759000011
[187,] -0.0515144952  0.382879235  0.0327049110
[188,] -0.0629434330  0.240295735  0.3430448573
[189,] -0.0571238439  0.588269503  0.6257014059
[190,]  0.0322936583  0.466577433  0.4217719450
[191,] -0.1073377911  0.373305860  0.3395350576
[192,]  0.0278816940  0.325705709  0.4343809987
[193,]  0.0616684301  0.527598932  0.6789454058
[194,]  0.1572686300  0.290068221  0.3082486410
[195,] -0.0250201931  0.502385847  0.7751583933
[196,]  0.1409398637  0.603663124  0.4131432598
[197,]  0.0938733236  0.228149170  0.4500336007
[198,] -0.1103354566  0.226644334  0.2865765128
[199,]  0.0403237416  0.656196967  0.3975718105
[200,] -0.0299807789  0.244970617 -0.0392996288
[201,] -0.0549785749 -0.033943553  0.1143474665
[202,] -0.1369463972  0.322912030  0.3361627873
[203,]  0.1783154405  0.343005968  0.3645336296
[204,] -0.0750210661  0.161676880  0.3436910152
[205,]  0.2487969952  0.560285589  0.3870007697
[206,]  0.0544638789  0.450328778  0.3072794653
[207,]  0.0562930668  0.384857852  0.5308425841
[208,]  0.0443700737  0.121601196  0.2626542108
[209,]  0.0980958294  0.269611449  0.4839604919
[210,] -0.2524113695  0.525813792  0.3237760544
[211,] -0.2984321549  0.509229387  0.4304451781
[212,]  0.0704629746  0.371997748  0.1656804855
[213,] -0.0546768991  0.292728300  0.2167996623
[214,] -0.1221288347  0.418784971  0.3055636342
[215,]  0.0554973383  0.296968316  0.4534673646
[216,] -0.1573061318  0.388946427  0.2874269005
[217,]  0.0785505123  0.521491486  0.4706057350
[218,] -0.1150271171  0.335013941  0.1280781379
[219,] -0.0350043532  0.504216452  0.3906288111
[220,]  0.1793843588  0.337042289  0.2524267358
[221,]  0.1913308199  0.441097956  0.2140386315
[222,] -0.0065174808  0.538313995  0.2816525374
[223,] -0.1438168565  0.405041320  0.1823249208
[224,]  0.0065335242  0.176799512  0.3597127088
[225,]  0.1759404584  0.137106301  0.6173653560
[226,]  0.1672947465  0.452784007  0.4856032970
[227,]  0.1801967693  0.309227864  0.1747447762
[228,]  0.2243636136  0.046939622 -0.0004600232
[229,] -0.0239137662  0.653360739  0.3085847168
[230,]  0.1033917267  0.381289420  0.7499996094
[231,]  0.0248978864  0.544803533  0.4637317214
[232,] -0.0790655586  0.612214848  0.5011334407
[233,] -0.0203666306  0.463030884  0.2797252096
[234,] -0.0622427005  0.178842025  0.4566209313
[235,] -0.0531174846  0.486507646  0.4075181363
[236,]  0.0696508685  0.269673472  0.1189511937
[237,] -0.0020630831  0.098460051  0.3492846692
[238,]  0.4720619897  0.236792738  0.2764070360
[239,] -0.1090717182  0.223899421  0.3656797473
[240,] -0.0854783022  0.369765476  0.3921463733
[241,]  0.0213386551  0.203149629  0.5855723820
[242,]  0.1219354577  0.461729914  0.4741746710
[243,] -0.0075614942  0.180048923  0.4139565441
[244,] -0.0720061866  0.654205332  0.5577491858
[245,]  0.1212035066  0.340226053  0.4550741055
[246,] -0.1656789616  0.343707197  0.3653078663
[247,] -0.0302045062  0.382610100  0.4498328809
[248,]  0.2677936045 -0.017322584  0.0205952615
[249,]  0.1049123714  0.270716972  0.6761533690
[250,] -0.0750280047  0.272634626  0.4138216532
[251,]  0.0268936312  0.375654556  0.5789286961
[252,]  0.0224738177  0.183968570  0.2647104181
[253,]  0.0453285737  0.588253305  0.4384865658
[254,] -0.0766415331  0.165931587  0.1834441879
[255,] -0.1097454965  0.269833765  0.4426626577
[256,] -0.1356507524  0.383533360  0.4146745288
[257,] -0.0676960984  0.618583131  0.4950557703
[258,]  0.2663014451  0.324176895  0.2097237183
[259,] -0.0999432142  0.078703010  0.4153409826
[260,] -0.0947597497  0.294554292  0.3725130004
[261,]  0.2151476809  0.595458683  0.2889099222
[262,] -0.0196890520  0.164874497  0.4967742207
[263,] -0.0348010392  0.214094452  0.3602411675
[264,] -0.0892149350  0.248743259  0.6610552333
[265,]  0.1586248787  0.315912896  0.4895357665
[266,]  0.0442114985  0.300398246  0.3781832279
[267,]  0.1549146615  0.725742895  0.4070643199
[268,]  0.1041313783  0.188268896  0.4421233780
[269,] -0.1163654185  0.242870101  0.1797623173
[270,]  0.0795389064  0.580518174 -0.0338607346
[271,] -0.1498838642  0.118150286  0.1033940311
[272,] -0.0483998330 -0.061862577  0.0609292355
[273,] -0.0849062215  0.315774695  0.3283972035
[274,] -0.0432757633  0.465238209  0.2452617392
[275,]  0.0886891145  0.284587734  0.3648549941
[276,]  0.0111616439  0.157237080  0.3837659274
[277,]  0.0262091426  0.372652383  0.0813358658
[278,] -0.1766021554  0.259616982  0.1903780479
[279,] -0.0079867935  0.564527897  0.3456219117
[280,]  0.1843333555  0.466893254  0.4466620728
[281,] -0.1054746751  0.155018276  0.3147756751
[282,]  0.0095341468  0.457855806  0.4992866505
[283,]  0.0444981960  0.211037300  0.3526427610
[284,]  0.1687806815  0.288765327  0.0256306001
[285,] -0.0438095991  0.499485846  0.6896758654
[286,] -0.0095150813  0.292883304  0.4472518558
[287,]  0.1428880381  0.491311689  0.5961056145
[288,]  0.1080376216  0.522686077  0.4251287970
[289,] -0.0667790088  0.485427930  0.6638132171
[290,]  0.2812014646  0.479289250  0.5987316420
[291,] -0.0756228626  0.234928821 -0.1974248695
[292,] -0.0192734833  0.367298363  0.5527095112
[293,]  0.0544895264  0.747804657  0.3840282477
[294,]  0.1488739619  0.578670633  0.0806216214
[295,] -0.2294533283  0.329013600  0.1616094084
[296,] -0.1390637109  0.304225004  0.1417760952
[297,]  0.0674217325  0.231395754  0.2121555391
[298,] -0.0433156209 -0.019589832  0.3653947464
[299,] -0.1472123447  0.388338630  0.5436484860
[300,]  0.1503302112  0.423414637  0.2646370108
[301,]  0.0792108999  0.375288355  0.5744479354
[302,] -0.0261397832  0.584593544  0.4031213518
[303,] -0.0805052189  0.035314821  0.4870962112
[304,]  0.0836326882  0.588673213  0.3868236061
[305,] -0.0104923083  0.555771363  0.4479084150
[306,]  0.1231801051  0.351798437  0.0987197744
[307,] -0.0080138260  0.231838416  0.0958195695
[308,] -0.2024776880  0.166813970  0.4107836080
[309,]  0.2741064624  0.468627688  0.2991751226
[310,]  0.0413543997  0.219685305  0.5377898571
[311,]  0.0769736379  0.491617423  0.5421295348
[312,] -0.1327313618  0.371442421  0.5266335645
[313,] -0.0671395519  0.268809033  0.1049351802
[314,]  0.0023093352  0.464231564  0.3360804990
[315,]  0.0267624277  0.222185545  0.4402880202
[316,]  0.0026437584  0.429803306  0.1401517961
[317,]  0.0013814840  0.170154885  0.2830591515
[318,]  0.1072959477  0.615079186  0.1766328695
[319,]  0.0742475286  0.323455461  0.2906596782
[320,] -0.0229350966  0.259395858  0.2607381991
[321,] -0.0344213863  0.602489361  0.2511092191
[322,]  0.1687149643  0.426648181  0.3645525617
[323,] -0.0779757346 -0.076681884 -0.0223622149
[324,]  0.0658685638  0.457177465  0.4014591236
[325,] -0.0850930745  0.487446635  0.4595180840
[326,] -0.1079257788  0.309163523  0.4632400627
[327,]  0.0558141060  0.386120572  0.2986098406
[328,]  0.3266009323  0.415562748  0.1957445262
[329,] -0.0688244722  0.056415481  0.4264653538
[330,] -0.0035945962  0.538147556  0.3016148559
[331,] -0.0026544592  0.381046786 -0.0377196462
[332,]  0.1252105186  0.364492143  0.2232653731
[333,] -0.0189868609  0.303596635  0.4440219707
[334,] -0.1378871617  0.569594185  0.6275075388
[335,] -0.0954095489  0.265869815  0.2033319077
[336,] -0.1559764399  0.484915566  0.2365358042
[337,]  0.0714668083  0.347344431  0.3761869170
[338,] -0.2095327840  0.284749330  0.2254971934
[339,]  0.1055456310  0.424516799  0.3436952776
[340,] -0.0150470823  0.531427241  0.6773439002
[341,]  0.0401270997 -0.006241725  0.4046743104
[342,] -0.0790920156  0.166719863  0.4659111190
[343,]  0.2418704121  0.436615007  0.6597440044
[344,] -0.0112546302  0.100597084  0.3707652854
[345,] -0.2260840373  0.452575531  0.2489568154
[346,] -0.0108664518  0.347992135  0.5164053567
[347,]  0.0674556046  0.389020081  0.6714537667
[348,]  0.0113021383  0.232568323  0.1037521129
[349,]  0.1396208730  0.579803659  0.6540990832
[350,]  0.1343203774  0.333075013  0.6139541225
[351,] -0.1621062844  0.404258691  0.3522908889
[352,] -0.0166016367  0.072117067  0.1126934664
[353,]  0.0361485158  0.650694477  0.6213861685
[354,] -0.0551866282  0.189329402  0.3555223628
[355,]  0.0212733826  0.334644937  0.2723955415
[356,]  0.0548726091  0.407560189  0.3172708611
[357,] -0.0043748774  0.639129888  0.6409852563
[358,]  0.1302032593  0.251442318  0.1563512138
[359,]  0.0650329163  0.203980086  0.1633280837
[360,]  0.0758617976  0.353768665  0.5415649349
[361,]  0.0172422165  0.385262636  0.4176085849
[362,] -0.1234102437  0.225344255  0.1381987813
[363,] -0.0681820660  0.395627974  0.5341694213
[364,] -0.1668266138  0.121431868  0.5313233195
[365,] -0.0906575236  0.737061457  0.5765327969
[366,]  0.2051158097  0.285658650  0.2321236180
[367,]  0.1179151239  0.465539495  0.6009093571
[368,] -0.0640239412  0.222852786  0.3384335354
[369,]  0.0219126629  0.132354859  0.3647197319
[370,] -0.0459498885  0.558748958  0.6060138657
[371,] -0.0517618333  0.157213447  0.2793965849
[372,]  0.1941384970  0.663084531  0.5190208576
[373,]  0.0615762190  0.279736445  0.4613921536
[374,] -0.0595130836  0.296307606  0.1335712796
[375,] -0.0357915445  0.421285974  0.4994106245
[376,] -0.2527740917  0.411986052  0.2116764288
[377,]  0.0854512181  0.414532447  0.4157426993
[378,]  0.0816443583  0.306016562  0.3594987239
[379,] -0.0022885627  0.574408367  0.4529041615
[380,]  0.1181291005  0.284082344  0.2904739189
[381,]  0.0655899607  0.294091109  0.2611913861
[382,] -0.0217976113  0.360844947  0.6153213854
[383,] -0.2128984713  0.241569663  0.3221289025
[384,]  0.1494031166  0.301366827  0.6050666184
[385,] -0.0067887347  0.536299635  0.5813046812
[386,] -0.0604974430  0.264487942  0.3067411686
[387,] -0.2287994552  0.405870829  0.5277845877
[388,]  0.1921860719  0.420850299  0.2393097552
[389,]  0.2237479567  0.520902585  0.4946609339
[390,] -0.1790824419  0.228408193  0.0586925519
[391,] -0.0691455647  0.395954032  0.5659394837
[392,]  0.0957976459  0.509185382  0.4710571148
[393,] -0.0194059981  0.495882879  0.6482424366
[394,] -0.0270538894  0.448282769  0.4109213381
[395,]  0.2044452243  0.472637465  0.5066421605
[396,] -0.0259982294  0.292124442  0.4945070086
[397,] -0.2061766334 -0.051557885  0.3692554446
[398,] -0.0908302426  0.361793703  0.7197820639
[399,] -0.1722364015  0.270121776  0.4404809326
[400,] -0.0656248223  0.432109300  0.4521471334
[401,] -0.0151409948  0.161440413  0.0406577748
[402,] -0.0571968411  0.479197190  0.6248421120
[403,]  0.0171430671  0.314032990  0.4799362783
[404,] -0.1435305186  0.735551699  0.3510552253
[405,] -0.0470981149  0.471798832  0.5073311196
[406,]  0.1902349044  0.240437887  0.4739011196
[407,]  0.0399999097  0.360110089  0.2196540183
[408,]  0.1372065930  0.637208378  0.6532972195
[409,] -0.1594437155  0.617861360  0.2818534982
[410,] -0.2681255886  0.548971223  0.5099278784
[411,] -0.0415135974  0.183884439 -0.0281241649
[412,] -0.1039249286  0.313963980  0.0978365049
[413,] -0.0127011521  0.503352322  0.1512930948
[414,]  0.0421282471 -0.031330702  0.2702766763
[415,] -0.0471901350  0.172156130  0.2916109176
[416,]  0.0475849918  0.514718492  0.6170080113
[417,] -0.0899127569  0.326781754  0.4061199581
[418,]  0.0828426570 -0.026889238  0.1819215274
[419,] -0.1540024464  0.302925120  0.4540142124
[420,] -0.2432203884  0.274515809  0.5119588843
[421,]  0.0245660120  0.369114418  0.3811086591
[422,] -0.1255409907  0.545685263  0.4636483404
[423,]  0.0836743758  0.664775805  0.4238819778
[424,] -0.0156409997  0.130219003  0.2998745202
[425,] -0.0458788746  0.158616284  0.2722106926
[426,]  0.0688438794  0.360658517  0.1049824942
[427,]  0.0711348474  0.487782156  0.3411831918
[428,]  0.2152833630  0.342474076  0.2008767007
[429,]  0.0292686524  0.355604076  0.3177947830
[430,] -0.0252015824  0.436336401  0.4348608289
[431,]  0.0813953619  0.390474327  0.3909743896
[432,] -0.0848643614  0.409724503  0.4763546967
[433,]  0.0561939402  0.260499842  0.6463846801
[434,]  0.0783116660  0.026279093  0.2072920067
[435,]  0.2145403940  0.594320675  0.5139030250
[436,] -0.1349311628  0.293131697  0.4238025239
[437,]  0.2457682717  0.356806477  0.2021122906
[438,]  0.1440866929  0.360960302  0.4515440276
[439,]  0.1162045762  0.308229727  0.5714841855
[440,] -0.0662286033  0.284932628  0.0897930540
[441,]  0.0230482419  0.410510894  0.4943208374
[442,]  0.1679690854  0.117366069  0.4227774503
[443,]  0.1391559705  0.248517685  0.2254907363
[444,] -0.0001082793  0.213604817  0.2473873204
[445,]  0.1240539562  0.481481335  0.6065275934
[446,]  0.0452458505  0.500603986  0.5984611244
[447,] -0.0306195693  0.485472433  0.8236759259
[448,]  0.0790796570  0.381558433  0.3779839349
[449,] -0.0119510222  0.398780669  0.4094219632
[450,]  0.2079874438  0.588423961  0.3580290423
[451,] -0.0016970499  0.269245066  0.4403182265
[452,] -0.0139762611  0.298506272  0.3488866357
[453,]  0.1374114308  0.330112131  0.5030512909
[454,] -0.0016951411  0.429060338  0.3627997427
[455,] -0.0997316758  0.322063053  0.4190359773
[456,]  0.0512545306  0.431536993  0.7562593189
[457,]  0.0664343521  0.535792591  0.1604310692
[458,]  0.0663469930  0.121498554  0.4948132518
[459,] -0.1768751435  0.224353959  0.5742760586
[460,] -0.0993833220  0.206524509  0.4249831050
[461,] -0.0244303507 -0.121320077  0.2731668448
[462,] -0.0486837073  0.586390114  0.6776044647
[463,] -0.0601735125  0.385910163  0.3828301781
[464,]  0.0678439638  0.232896700  0.2857297097
[465,] -0.0414902156  0.146187497  0.4029960426
[466,] -0.0983164463  0.361385299  0.4152323669
[467,]  0.1260813491  0.585212317  0.1352636001
[468,] -0.0610628865  0.536812742  0.7058803272
[469,]  0.1373053810  0.618907258  0.4784709979
[470,] -0.0441133972  0.285924709  0.5280089993
[471,]  0.0329034586  0.295463765  0.2909211136
[472,] -0.0084545567  0.589524074  0.3794409336
[473,] -0.0942822677  0.401704903  0.3389796462
[474,]  0.2619199224  0.293487394  0.1703420764
[475,]  0.0248171197  0.319704634  0.2785953854
[476,]  0.0552694878  0.478622851  0.1045942921
[477,]  0.0055612156 -0.147402015  0.3841630104
[478,]  0.1322662833  0.330345543  0.0058960106
[479,]  0.1609811288  0.414418631  0.3881134073
[480,]  0.1038581519  0.018900016  0.2223669231
[481,] -0.0785161286  0.444323258  0.5359785334
[482,] -0.0538912171  0.342639237  0.3208498796
[483,]  0.0053868548  0.471795707  0.2122399502
[484,]  0.0618762875  0.536297802  0.3503423499
[485,]  0.0806844712  0.605346534  0.5641064726
[486,] -0.0659896472  0.344011500  0.4527904009
[487,]  0.0912763311  0.058316921  0.3356886063
[488,] -0.0841208703  0.345435126  0.2840426028
[489,]  0.0881341011  0.287741064  0.2125702472
[490,]  0.0577473695  0.338523207  0.4210586496
[491,]  0.0510337272  0.662624490  0.4086055289
[492,]  0.0176154757  0.397671951  0.6632229871
[493,] -0.0287675499  0.514835228  0.4087625829
[494,] -0.0650532443  0.297598742  0.2609839461
[495,]  0.0659430236  0.329223785  0.4145534591
[496,]  0.0498208045  0.074437377  0.5416173210
[497,]  0.2293383691  0.382825693  0.4700199484
[498,]  0.0732833394  0.313911106  0.4477617347
[499,]  0.0187875195  0.409199663  0.3307805253
[500,]  0.0610811069  0.582388594  0.6152714693

