$RE_RF
[1] 3.876833

$RE_CXls
[1] 4.714836

$RF_2_imput
                 [,1]
Q1_bias   -0.47081847
mean_bias -0.02532604
Q3_bias    0.40191719
MSE        0.87740426

$CXls_imput
                  [,1]
Q1_bias   -0.325670683
mean_bias -0.001600931
Q3_bias    0.239137762
MSE        0.511397078

$bias_sd_OLS
                  beta.t         bias       Esd       Asd    CP
(Intercept) 0.0009555264 -0.004685574 0.2357103 0.2228123 0.934
X1          0.4084437967 -0.014467400 0.3410404 0.3127845 0.934
X2          0.8147310980 -0.003595050 0.4319102 0.3924698 0.908

$bias_sd_RF
                  beta.t        bias        sd
(Intercept) 0.0009555264 -0.02565806 0.1232370
X1          0.4084437967 -0.16774332 0.1175957
X2          0.8147310980 -0.12151783 0.1408803

$bias_sd_CXls
                  beta.t         bias       Esd    Asd_IF    CP  RE_beta
(Intercept) 0.0009555264 -0.002139037 0.1214211 0.1219272 0.948 1.065983
X1          0.4084437967  0.002950553 0.1547603 0.1536515 0.924 1.570936
X2          0.8147310980 -0.008073381 0.1931265 0.1859066 0.922 4.993138

$pcd_OLS
[1] 0.8608185 0.1124700

$VF_OLS
[1] 0.97642011 0.05077886

$pcd_RF
[1] 0.91805418 0.04799526

$VF_RF
[1] 0.991853888 0.007929828

$pcd_CXls
[1] 0.93568436 0.03662267

$VF_Cxls
[1] 0.99262803 0.00113377

$VF_0
 mean_V0    sd_V0 
0.993015 2.195618 

$VF_B0
mean_VB0   sd_VB0 
0.993015 2.195618 

$PCD_vals_RF
  [1] 0.9734545 0.8438182 0.8809091 0.8836364 0.9436364 0.9550909 0.9334545
  [8] 0.8880000 0.9745455 0.9440000 0.9940000 0.9343636 0.9285455 0.9469091
 [15] 0.9507273 0.9200000 0.9256364 0.9723636 0.9903636 0.9487273 0.8847273
 [22] 0.9023636 0.8687273 0.9007273 0.8672727 0.8883636 0.8687273 0.7825455
 [29] 0.9460000 0.8392727 0.9327273 0.8992727 0.9070909 0.9247273 0.8896364
 [36] 0.9570909 0.8983636 0.9076364 0.9116364 0.9192727 0.9229091 0.9449091
 [43] 0.9209091 0.8261818 0.9447273 0.9130909 0.9967273 0.9267273 0.9607273
 [50] 0.9376364 0.9590909 0.8501818 0.9581818 0.9683636 0.8820000 0.9540000
 [57] 0.9707273 0.8581818 0.8949091 0.9812727 0.8730909 0.8856364 0.9672727
 [64] 0.9318182 0.9525455 0.8929091 0.9656364 0.8100000 0.9070909 0.8574545
 [71] 0.9380000 0.8643636 0.8936364 0.9956364 0.8825455 0.9829091 0.9318182
 [78] 0.9409091 0.9205455 0.9303636 0.9023636 0.9170909 0.9205455 0.8098182
 [85] 0.9025455 0.9301818 0.9561818 0.9220000 0.8916364 0.9614545 0.9760000
 [92] 0.8440000 0.9258182 0.9532727 0.9318182 0.9565455 0.9370909 0.9196364
 [99] 0.9169091 0.9029091 0.8952727 0.9485455 0.9621818 0.9540000 0.8885455
[106] 0.9318182 0.9429091 0.8998182 0.9632727 0.9121818 0.9843636 0.9065455
[113] 0.9587273 0.9249091 0.9221818 0.9234545 0.9807273 0.9581818 0.8707273
[120] 0.9420000 0.8369091 0.8367273 0.9643636 0.9672727 0.9130909 0.9049091
[127] 0.8114545 0.9663636 0.8250909 0.9416364 0.9450909 0.9710909 0.9003636
[134] 0.8241818 0.8630909 0.9058182 0.9496364 0.9456364 0.9523636 0.9901818
[141] 0.9138182 0.9332727 0.9421818 0.9170909 0.9547273 0.9381818 0.9410909
[148] 0.9143636 0.9736364 0.9172727 0.9252727 0.9305455 0.9734545 0.9447273
[155] 0.9874545 0.9218182 0.9267273 0.9405455 0.9605455 0.8430909 0.8870909
[162] 0.9743636 0.9272727 0.9109091 0.8529091 0.9496364 0.8530909 0.8750909
[169] 0.9741818 0.9674545 0.9360000 0.9221818 0.9769091 0.9029091 0.8752727
[176] 0.9616364 0.9327273 0.9043636 0.8452727 0.9734545 0.9958182 0.8612727
[183] 0.8667273 0.8981818 0.9423636 0.9190909 0.9643636 0.8529091 0.9487273
[190] 0.9223636 0.9020000 0.9207273 0.9187273 0.8765455 0.9245455 0.7856364
[197] 0.7980000 0.9116364 0.9463636 0.8989091 0.9298182 0.8936364 0.9816364
[204] 0.8978182 0.9207273 0.9249091 0.9049091 0.9014545 0.9550909 0.8765455
[211] 0.9734545 0.9683636 0.8145455 0.8738182 0.9238182 0.9132727 0.9738182
[218] 0.9530909 0.8550909 0.9592727 0.9183636 0.9265455 0.9238182 0.9449091
[225] 0.8352727 0.9594545 0.9316364 0.8718182 0.9703636 0.7916364 0.9558182
[232] 0.8996364 0.8500000 0.8947273 0.9885455 0.8598182 0.8494545 0.8649091
[239] 0.9527273 0.9472727 0.9690909 0.8680000 0.9387273 0.8874545 0.9621818
[246] 0.9487273 0.9667273 0.8721818 0.8758182 0.8758182 0.9212727 0.9260000
[253] 0.9218182 0.9376364 0.9640000 0.9843636 0.9663636 0.9080000 0.8852727
[260] 0.9481818 0.9678182 0.9487273 0.8558182 0.9909091 0.9812727 0.7236364
[267] 0.9256364 0.9332727 0.9349091 0.9229091 0.8941818 0.9643636 0.9949091
[274] 0.9101818 0.8525455 0.8918182 0.8412727 0.9274545 0.9578182 0.9669091
[281] 0.9214545 0.8698182 0.9438182 0.8820000 0.8829091 0.9214545 0.9596364
[288] 0.9394545 0.9618182 0.9558182 0.7983636 0.8307273 0.9227273 0.9085455
[295] 0.9250909 0.9512727 0.9549091 0.8090909 0.9445455 0.9243636 0.8989091
[302] 0.9643636 0.9520000 0.9023636 0.9185455 0.9392727 0.8698182 0.8516364
[309] 0.9429091 0.9863636 0.9887273 0.9323636 0.9421818 0.9736364 0.9676364
[316] 0.9049091 0.9712727 0.9240000 0.9976364 0.9587273 0.8756364 0.9667273
[323] 0.8389091 0.9192727 0.9061818 0.8987273 0.9523636 0.8690909 0.9603636
[330] 0.8289091 0.8894545 0.9470909 0.9672727 0.9512727 0.9289091 0.9636364
[337] 0.9276364 0.7769091 0.9423636 0.9398182 0.9256364 0.9496364 0.9729091
[344] 0.8432727 0.9141818 0.9143636 0.9629091 0.9330909 0.9005455 0.9347273
[351] 0.9536364 0.9332727 0.8598182 0.9343636 0.9136364 0.8798182 0.9201818
[358] 0.8523636 0.8841818 0.9309091 0.8240000 0.9174545 0.9180000 0.8829091
[365] 0.9712727 0.8254545 0.9267273 0.9470909 0.9629091 0.9701818 0.9221818
[372] 0.9323636 0.9480000 0.9292727 0.9430909 0.9356364 0.9701818 0.8936364
[379] 0.9069091 0.9432727 0.9392727 0.9401818 0.9570909 0.8863636 0.8961818
[386] 0.9245455 0.7756364 0.9145455 0.9267273 0.9120000 0.9105455 0.9212727
[393] 0.8807273 0.9441818 0.9330909 0.9141818 0.9221818 0.9367273 0.9161818
[400] 0.8927273 0.9849091 0.8721818 0.9734545 0.9820000 0.9861818 0.9118182
[407] 0.9020000 0.9080000 0.9283636 0.8647273 0.8912727 0.8978182 0.9452727
[414] 0.9725455 0.9192727 0.9132727 0.9100000 0.9012727 0.9278182 0.9625455
[421] 0.9250909 0.9360000 0.9730909 0.9532727 0.8432727 0.8992727 0.8394545
[428] 0.9670909 0.8994545 0.8370909 0.9694545 0.9136364 0.9596364 0.8770909
[435] 0.8836364 0.9050909 0.9356364 0.9060000 0.8869091 0.9827273 0.9525455
[442] 0.9052727 0.7920000 0.8389091 0.9503636 0.9238182 0.9170909 0.8703636
[449] 0.9387273 0.8820000 0.8974545 0.8616364 0.9367273 0.9556364 0.9427273
[456] 0.8120000 0.8532727 0.9316364 0.8809091 0.9249091 0.8847273 0.9207273
[463] 0.9329091 0.8680000 0.9200000 0.9407273 0.8890909 0.8852727 0.9094545
[470] 0.9438182 0.9374545 0.8596364 0.5154545 0.9563636 0.9365455 0.9581818
[477] 0.9741818 0.8903636 0.8625455 0.9743636 0.9801818 0.8885455 0.9205455
[484] 0.9020000 0.9658182 0.8809091 0.9241818 0.8867273 0.9363636 0.9665455
[491] 0.8829091 0.9272727 0.9241818 0.9610909 0.9709091 0.9107273 0.9178182
[498] 0.9821818 0.8863636 0.9716364

$PCD_vals_CXLS
  [1] 0.9581818 0.9187273 0.9385455 0.9901818 0.9130909 0.9556364 0.9445455
  [8] 0.8954545 0.9838182 0.9876364 0.9274545 0.9794545 0.8980000 0.9680000
 [15] 0.9747273 0.9789091 0.9698182 0.9738182 0.9852727 0.9330909 0.9432727
 [22] 0.9460000 0.8967273 0.9436364 0.9283636 0.9072727 0.9241818 0.8676364
 [29] 0.9178182 0.9538182 0.9376364 0.9018182 0.9869091 0.9452727 0.9378182
 [36] 0.9730909 0.9118182 0.9967273 0.9140000 0.9836364 0.9454545 0.9218182
 [43] 0.9156364 0.8509091 0.9605455 0.9478182 0.9367273 0.8861818 0.9081818
 [50] 0.9641818 0.9532727 0.8820000 0.9621818 0.9323636 0.9381818 0.9747273
 [57] 0.9416364 0.9363636 0.9161818 0.9509091 0.9283636 0.8718182 0.9698182
 [64] 0.9725455 0.9414545 0.9312727 0.9532727 0.8769091 0.9058182 0.9160000
 [71] 0.9792727 0.9374545 0.8829091 0.9129091 0.9334545 0.9498182 0.9427273
 [78] 0.9645455 0.9369091 0.9634545 0.9532727 0.9136364 0.9503636 0.9121818
 [85] 0.9198182 0.9921818 0.9007273 0.9774545 0.9423636 0.9909091 0.9394545
 [92] 0.9861818 0.9445455 0.9849091 0.9741818 0.9747273 0.9396364 0.9361818
 [99] 0.9512727 0.9432727 0.9858182 0.9707273 0.9505455 0.9787273 0.8970909
[106] 0.9616364 0.9541818 0.9267273 0.9827273 0.9625455 0.9727273 0.9634545
[113] 0.9729091 0.9649091 0.9818182 0.9589091 0.9650909 0.9583636 0.8983636
[120] 0.9514545 0.8914545 0.9160000 0.9723636 0.9914545 0.9558182 0.9174545
[127] 0.8663636 0.9734545 0.8209091 0.9485455 0.9620000 0.9492727 0.9209091
[134] 0.8290909 0.9101818 0.8898182 0.9327273 0.9872727 0.9809091 0.9354545
[141] 0.8989091 0.9514545 0.9507273 0.9040000 0.9258182 0.8914545 0.9390909
[148] 0.9592727 0.9723636 0.9816364 0.9618182 0.9607273 0.9687273 0.9216364
[155] 0.9914545 0.9367273 0.9349091 0.9285455 0.9170909 0.9350909 0.8603636
[162] 0.9538182 0.9210909 0.8896364 0.9287273 0.9270909 0.9338182 0.9712727
[169] 0.9840000 0.9392727 0.9598182 0.9430909 0.8250909 0.9469091 0.9145455
[176] 0.8976364 0.9580000 0.9392727 0.8912727 0.9656364 0.9581818 0.8950909
[183] 0.8985455 0.9190909 0.9143636 0.9567273 0.9567273 0.8916364 0.9654545
[190] 0.9509091 0.9607273 0.9150909 0.9445455 0.9400000 0.9085455 0.8374545
[197] 0.8670909 0.9436364 0.9545455 0.9432727 0.9498182 0.9543636 0.9523636
[204] 0.9394545 0.9309091 0.9343636 0.9460000 0.9632727 0.9285455 0.9403636
[211] 0.9420000 0.9430909 0.8929091 0.8634545 0.9154545 0.9190909 0.9634545
[218] 0.9585455 0.9603636 0.9578182 0.9465455 0.9452727 0.9241818 0.8909091
[225] 0.9161818 0.9498182 0.9809091 0.9065455 0.9578182 0.8625455 0.9590909
[232] 0.9394545 0.8174545 0.9629091 0.9536364 0.9276364 0.8830909 0.9374545
[239] 0.9292727 0.9692727 0.9727273 0.9243636 0.9681818 0.9352727 0.9990909
[246] 0.9505455 0.9250909 0.8940000 0.9129091 0.9581818 0.9183636 0.8976364
[253] 0.9678182 0.9378182 0.9814545 0.9981818 0.9401818 0.9850909 0.9729091
[260] 0.9305455 0.9430909 0.9601818 0.8841818 0.9032727 0.9452727 0.8183636
[267] 0.9140000 0.9423636 0.9414545 0.9340000 0.8961818 0.9407273 0.9778182
[274] 0.9296364 0.8332727 0.8376364 0.9009091 0.9407273 0.9338182 0.9843636
[281] 0.9356364 0.8990909 0.9487273 0.9080000 0.8750909 0.9660000 0.9298182
[288] 0.9616364 0.9701818 0.9352727 0.8674545 0.8660000 0.9978182 0.9334545
[295] 0.9645455 0.9701818 0.9460000 0.9103636 0.9496364 0.9287273 0.8898182
[302] 0.9116364 0.9736364 0.9663636 0.9136364 0.9372727 0.9265455 0.9092727
[309] 0.9820000 0.9003636 0.9425455 0.9567273 0.9532727 0.9676364 0.9607273
[316] 0.8901818 0.9325455 0.9476364 0.9758182 0.9072727 0.8358182 0.9600000
[323] 0.8967273 0.9705455 0.9725455 0.9676364 0.8772727 0.8954545 0.9174545
[330] 0.9541818 0.9036364 0.9501818 0.9527273 0.9441818 0.9554545 0.9210909
[337] 0.9429091 0.8794545 0.9496364 0.9407273 0.9287273 0.8745455 0.9274545
[344] 0.9203636 0.9345455 0.9534545 0.9412727 0.9605455 0.8910909 0.8763636
[351] 0.9205455 0.9069091 0.9312727 0.9503636 0.9732727 0.8861818 0.9241818
[358] 0.9060000 0.9650909 0.9367273 0.8723636 0.9589091 0.9274545 0.9432727
[365] 0.8874545 0.8038182 0.9221818 0.9521818 0.9345455 0.9809091 0.9087273
[372] 0.9443636 0.9321818 0.9569091 0.9567273 0.9567273 0.9500000 0.8730909
[379] 0.9281818 0.9667273 0.9374545 0.9649091 0.9365455 0.9343636 0.9020000
[386] 0.9525455 0.8681818 0.9116364 0.9003636 0.9701818 0.9289091 0.9703636
[393] 0.8292727 0.9829091 0.8856364 0.9281818 0.9270909 0.9594545 0.9214545
[400] 0.9538182 0.9718182 0.9789091 0.9750909 0.9809091 0.9592727 0.9250909
[407] 0.9165455 0.9072727 0.8896364 0.9572727 0.9700000 0.8901818 0.9612727
[414] 0.9798182 0.9523636 0.9209091 0.9301818 0.9930909 0.9800000 0.9629091
[421] 0.9814545 0.9147273 0.9847273 0.9800000 0.8561818 0.9667273 0.9070909
[428] 0.9541818 0.9425455 0.8718182 0.9467273 0.9623636 0.8925455 0.9016364
[435] 0.8827273 0.9312727 0.9232727 0.9347273 0.9838182 0.9672727 0.9312727
[442] 0.9576364 0.8389091 0.8874545 0.9550909 0.9312727 0.9767273 0.8685455
[449] 0.9623636 0.8798182 0.9076364 0.9734545 0.9745455 0.9745455 0.9721818
[456] 0.8769091 0.9060000 0.9683636 0.9485455 0.9509091 0.9594545 0.8658182
[463] 0.9743636 0.8927273 0.9692727 0.9723636 0.9872727 0.9283636 0.9609091
[470] 0.9809091 0.9716364 0.9230909 0.7423636 0.9447273 0.9692727 0.9605455
[477] 0.9640000 0.9010909 0.9154545 0.9418182 0.9327273 0.9685455 0.8489091
[484] 0.9892727 0.9752727 0.9780000 0.9685455 0.9125455 0.9181818 0.9363636
[491] 0.9216364 0.9225455 0.9025455 0.9441818 0.9609091 0.9567273 0.9254545
[498] 0.9421818 0.9205455 0.9580000

$PCD_vals_oLS
  [1] 0.8874545 0.4952727 0.7574545 0.7985455 0.9258182 0.9425455 0.9316364
  [8] 0.8598182 0.8849091 0.9216364 0.9550909 0.5494545 0.7752727 0.9083636
 [15] 0.9616364 0.8638182 0.9345455 0.9192727 0.9265455 0.9185455 0.9407273
 [22] 0.8158182 0.9012727 0.9180000 0.7709091 0.8425455 0.8276364 0.4721818
 [29] 0.9310909 0.9230909 0.8778182 0.8918182 0.8418182 0.8896364 0.8543636
 [36] 0.5861818 0.8000000 0.5169091 0.8325455 0.9627273 0.7883636 0.9110909
 [43] 0.9783636 0.9369091 0.9163636 0.9172727 0.8638182 0.8163636 0.7872727
 [50] 0.9034545 0.8872727 0.7836364 0.7309091 0.6690909 0.8356364 0.9323636
 [57] 0.8630909 0.9480000 0.5140000 0.8663636 0.7034545 0.8776364 0.9674545
 [64] 0.7443636 0.5841818 0.7883636 0.8870909 0.7065455 0.8929091 0.7736364
 [71] 0.9643636 0.5125455 0.8138182 0.9292727 0.9861818 0.9410909 0.8907273
 [78] 0.9747273 0.9009091 0.7994545 0.8947273 0.9316364 0.8823636 0.5836364
 [85] 0.8678182 0.9721818 0.8170909 0.9367273 0.9040000 0.9514545 0.9443636
 [92] 0.7745455 0.8405455 0.9025455 0.7949091 0.9236364 0.8620000 0.8814545
 [99] 0.9127273 0.8387273 0.5216364 0.9663636 0.8649091 0.9745455 0.8236364
[106] 0.9900000 0.9781818 0.7078182 0.8852727 0.7930909 0.7616364 0.7247273
[113] 0.8730909 0.8574545 0.9000000 0.9470909 0.8903636 0.8058182 0.8280000
[120] 0.9056364 0.9092727 0.9400000 0.9074545 0.9925455 0.9378182 0.8625455
[127] 0.8832727 0.9480000 0.7387273 0.8907273 0.8570909 0.9280000 0.9610909
[134] 0.6745455 0.9276364 0.8432727 0.9192727 0.9290909 0.9007273 0.9352727
[141] 0.9220000 0.9543636 0.9589091 0.8538182 0.9152727 0.9254545 0.9620000
[148] 0.8354545 0.9161818 0.7529091 0.9620000 0.9778182 0.8745455 0.9054545
[155] 0.8785455 0.9225455 0.9087273 0.7534545 0.9660000 0.9005455 0.5236364
[162] 0.8781818 0.8200000 0.9496364 0.7789091 0.8312727 0.8972727 0.9438182
[169] 0.9490909 0.9140000 0.9321818 0.9596364 0.7494545 0.8896364 0.6836364
[176] 0.8843636 0.9265455 0.9350909 0.7229091 0.9212727 0.8874545 0.6972727
[183] 0.9116364 0.7789091 0.8038182 0.9307273 0.9441818 0.8236364 0.8572727
[190] 0.9130909 0.8421818 0.8660000 0.9141818 0.9492727 0.8165455 0.6898182
[197] 0.8809091 0.6201818 0.9352727 0.7178182 0.8165455 0.9749091 0.9501818
[204] 0.9336364 0.9436364 0.9625455 0.6980000 0.6503636 0.9010909 0.8329091
[211] 0.9649091 0.9656364 0.8110909 0.8410909 0.5060000 0.9149091 0.8754545
[218] 0.9580000 0.7529091 0.9636364 0.9341818 0.9474545 0.6178182 0.6049091
[225] 0.8410909 0.9012727 0.9160000 0.9590909 0.9572727 0.5189091 0.9501818
[232] 0.9340000 0.7916364 0.9563636 0.9089091 0.7660000 0.9758182 0.7976364
[239] 0.7958182 0.9207273 0.9198182 0.9149091 0.8965455 0.9003636 0.9769091
[246] 0.9836364 0.9261818 0.9650909 0.8809091 0.8998182 0.8745455 0.9778182
[253] 0.7725455 0.7349091 0.9609091 0.8825455 0.8543636 0.9007273 0.9360000
[260] 0.9241818 0.9860000 0.9632727 0.8412727 0.8836364 0.9545455 0.4525455
[267] 0.9229091 0.9185455 0.9067273 0.8998182 0.8534545 0.9407273 0.8725455
[274] 0.9509091 0.9214545 0.6229091 0.8883636 0.9763636 0.9312727 0.9365455
[281] 0.9638182 0.9458182 0.7009091 0.9372727 0.8678182 0.9340000 0.8123636
[288] 0.9596364 0.7805455 0.6767273 0.5223636 0.7581818 0.7110909 0.9903636
[295] 0.9269091 0.9436364 0.8783636 0.6265455 0.9361818 0.9561818 0.6725455
[302] 0.7532727 0.9598182 0.8758182 0.8080000 0.9716364 0.7487273 0.8700000
[309] 0.9338182 0.8892727 0.9260000 0.9421818 0.9152727 0.9701818 0.9281818
[316] 0.8909091 0.7985455 0.8770909 0.9727273 0.8172727 0.4985455 0.9189091
[323] 0.6549091 0.9240000 0.8863636 0.8898182 0.7670909 0.7967273 0.9765455
[330] 0.5970909 0.9127273 0.7656364 0.9374545 0.9323636 0.8467273 0.6858182
[337] 0.9385455 0.9230909 0.9221818 0.9489091 0.9400000 0.8489091 0.8638182
[344] 0.9121818 0.5007273 0.8863636 0.6805455 0.9625455 0.8812727 0.9287273
[351] 0.9250909 0.9161818 0.9410909 0.8685455 0.9180000 0.9296364 0.9620000
[358] 0.8894545 0.7703636 0.9601818 0.9209091 0.8952727 0.9007273 0.7769091
[365] 0.8365455 0.8510909 0.7747273 0.9207273 0.7381818 0.9600000 0.7196364
[372] 0.9105455 0.9601818 0.9498182 0.9070909 0.7465455 0.9360000 0.8803636
[379] 0.7527273 0.9543636 0.9329091 0.9578182 0.8554545 0.8021818 0.8681818
[386] 0.9190909 0.4878182 0.9329091 0.9285455 0.8634545 0.7861818 0.7260000
[393] 0.7489091 0.9743636 0.9680000 0.9092727 0.9443636 0.9045455 0.9234545
[400] 0.5078182 0.5592727 0.8789091 0.8932727 0.9840000 0.9258182 0.8785455
[407] 0.7309091 0.9530909 0.9063636 0.9014545 0.8149091 0.9090909 0.9178182
[414] 0.9050909 0.4967273 0.9120000 0.9303636 0.9407273 0.9281818 0.6936364
[421] 0.8061818 0.7794545 0.8956364 0.9201818 0.8100000 0.8423636 0.8972727
[428] 0.9349091 0.9156364 0.7010909 0.8420000 0.9701818 0.9829091 0.8838182
[435] 0.8249091 0.9169091 0.9354545 0.8994545 0.9378182 0.8992727 0.9132727
[442] 0.9452727 0.4965455 0.7803636 0.8594545 0.8636364 0.9136364 0.9654545
[449] 0.9503636 0.8690909 0.8750909 0.6585455 0.9125455 0.8965455 0.9165455
[456] 0.8821818 0.9569091 0.9725455 0.9210909 0.9180000 0.7705455 0.8620000
[463] 0.9512727 0.8901818 0.9770909 0.9121818 0.7769091 0.8498182 0.8489091
[470] 0.9654545 0.9645455 0.9558182 0.3645455 0.9403636 0.9083636 0.8865455
[477] 0.9703636 0.6612727 0.9229091 0.9616364 0.9238182 0.8145455 0.7149091
[484] 0.8981818 0.9369091 0.8298182 0.9134545 0.8521818 0.9160000 0.9356364
[491] 0.6043636 0.8214545 0.8416364 0.8892727 0.9570909 0.9223636 0.9205455
[498] 0.8690909 0.5309091 0.9192727

$V_RF
  [1] 0.9930144 0.9920089 0.9923433 0.9922303 0.9929993 0.9930064 0.9929521
  [8] 0.9926843 0.9930118 0.9928990 0.9930150 0.9928096 0.9928340 0.9929449
 [15] 0.9930026 0.9926606 0.9927339 0.9930116 0.9930149 0.9929540 0.9926782
 [22] 0.9923168 0.9903867 0.9922047 0.9924572 0.9918627 0.9907556 0.9769983
 [29] 0.9929456 0.9872893 0.9929889 0.9927219 0.9923748 0.9929515 0.9926187
 [36] 0.9929933 0.9922190 0.9929074 0.9924100 0.9926611 0.9927435 0.9929399
 [43] 0.9928767 0.9902094 0.9929608 0.9929362 0.9930150 0.9927844 0.9929998
 [50] 0.9928498 0.9930073 0.9915659 0.9929942 0.9930083 0.9917048 0.9929805
 [57] 0.9930095 0.9920796 0.9928246 0.9930136 0.9918053 0.9921517 0.9930108
 [64] 0.9929212 0.9930021 0.9920892 0.9930134 0.9870721 0.9923620 0.9904308
 [71] 0.9929904 0.9899503 0.9927237 0.9930150 0.9916043 0.9930133 0.9928563
 [78] 0.9930048 0.9928885 0.9927651 0.9920091 0.9928786 0.9926551 0.9909587
 [85] 0.9924150 0.9928164 0.9929988 0.9928113 0.9918206 0.9929983 0.9930119
 [92] 0.9923100 0.9928520 0.9929815 0.9927769 0.9930062 0.9929364 0.9929702
 [99] 0.9926638 0.9928712 0.9925079 0.9929760 0.9929858 0.9929881 0.9927654
[106] 0.9928437 0.9929314 0.9922333 0.9930011 0.9929237 0.9930149 0.9928467
[113] 0.9929951 0.9928141 0.9927634 0.9929584 0.9930140 0.9929719 0.9911689
[120] 0.9929972 0.9862528 0.9887592 0.9929999 0.9930090 0.9929314 0.9926830
[127] 0.9875939 0.9929990 0.9864394 0.9928802 0.9929709 0.9930090 0.9920051
[134] 0.9865061 0.9903745 0.9927517 0.9929597 0.9929281 0.9929797 0.9930149
[141] 0.9928983 0.9929818 0.9929855 0.9928673 0.9929671 0.9929830 0.9928945
[148] 0.9926805 0.9930143 0.9926157 0.9927325 0.9929015 0.9930131 0.9929433
[155] 0.9930148 0.9927586 0.9929072 0.9929674 0.9930082 0.9878029 0.9928215
[162] 0.9930132 0.9927426 0.9925087 0.9889289 0.9929420 0.9889945 0.9911119
[169] 0.9930125 0.9930138 0.9928749 0.9927336 0.9930143 0.9923817 0.9910313
[176] 0.9930092 0.9929248 0.9922059 0.9913170 0.9930132 0.9930150 0.9914017
[183] 0.9908683 0.9918076 0.9929139 0.9927929 0.9930124 0.9897300 0.9929640
[190] 0.9927838 0.9928456 0.9929565 0.9926726 0.9914370 0.9927944 0.9779530
[197] 0.9817759 0.9925069 0.9930057 0.9928988 0.9929840 0.9916854 0.9930141
[204] 0.9922439 0.9927654 0.9928532 0.9923496 0.9927507 0.9929678 0.9913714
[211] 0.9930143 0.9929999 0.9855621 0.9910495 0.9928136 0.9926191 0.9930076
[218] 0.9929824 0.9882403 0.9930082 0.9926996 0.9928060 0.9928863 0.9930036
[225] 0.9904295 0.9929865 0.9929308 0.9924681 0.9930139 0.9867149 0.9929978
[232] 0.9922026 0.9913865 0.9919137 0.9930148 0.9898816 0.9888649 0.9903141
[239] 0.9929641 0.9929861 0.9930083 0.9902788 0.9928818 0.9927795 0.9930046
[246] 0.9929790 0.9930131 0.9917840 0.9912847 0.9909002 0.9927965 0.9929694
[253] 0.9927333 0.9929891 0.9930026 0.9930149 0.9930092 0.9923168 0.9914154
[260] 0.9930061 0.9930133 0.9929445 0.9922518 0.9930149 0.9930136 0.9833452
[267] 0.9929162 0.9929516 0.9929589 0.9927663 0.9918470 0.9930036 0.9930150
[274] 0.9925469 0.9900530 0.9919297 0.9920790 0.9928052 0.9929821 0.9930106
[281] 0.9926779 0.9925666 0.9929787 0.9917940 0.9925662 0.9926897 0.9929991
[288] 0.9929019 0.9929883 0.9929865 0.9800356 0.9869747 0.9927454 0.9929154
[295] 0.9929120 0.9929540 0.9930078 0.9843643 0.9929782 0.9929705 0.9928518
[302] 0.9929995 0.9929651 0.9929161 0.9927311 0.9929415 0.9904560 0.9895427
[309] 0.9929167 0.9930148 0.9930147 0.9928557 0.9929072 0.9930121 0.9930132
[316] 0.9926803 0.9930139 0.9929421 0.9930150 0.9930092 0.9923547 0.9930034
[323] 0.9911801 0.9927152 0.9929326 0.9924357 0.9930012 0.9909132 0.9929973
[330] 0.9885373 0.9917078 0.9929618 0.9930094 0.9929662 0.9927602 0.9930082
[337] 0.9927252 0.9861756 0.9929558 0.9929196 0.9926838 0.9929652 0.9930143
[344] 0.9900744 0.9928060 0.9925923 0.9930096 0.9928486 0.9922835 0.9929781
[351] 0.9929837 0.9928303 0.9904551 0.9928686 0.9926104 0.9920165 0.9927793
[358] 0.9897839 0.9916387 0.9929272 0.9913538 0.9929423 0.9928185 0.9915271
[365] 0.9930091 0.9888099 0.9927448 0.9929582 0.9929970 0.9930090 0.9929724
[372] 0.9928855 0.9929240 0.9928143 0.9929224 0.9928836 0.9930137 0.9919211
[379] 0.9923190 0.9928901 0.9929636 0.9929191 0.9929877 0.9924538 0.9928316
[386] 0.9928105 0.9863465 0.9926353 0.9927511 0.9928902 0.9925922 0.9928046
[393] 0.9916766 0.9929505 0.9928909 0.9928036 0.9929662 0.9929008 0.9928528
[400] 0.9928302 0.9930147 0.9906879 0.9930110 0.9930142 0.9930146 0.9929305
[407] 0.9929063 0.9929277 0.9928631 0.9914028 0.9919366 0.9927939 0.9929766
[414] 0.9930074 0.9927118 0.9929535 0.9925247 0.9925491 0.9927420 0.9929947
[421] 0.9927461 0.9929876 0.9930104 0.9929995 0.9915070 0.9925796 0.9891109
[428] 0.9930083 0.9922350 0.9878352 0.9930141 0.9925542 0.9929846 0.9923806
[435] 0.9923967 0.9923275 0.9929509 0.9924369 0.9918900 0.9930139 0.9930010
[442] 0.9926094 0.9896811 0.9901198 0.9929574 0.9928382 0.9925147 0.9900622
[449] 0.9929083 0.9926554 0.9927463 0.9904221 0.9928800 0.9929989 0.9929697
[456] 0.9858652 0.9888805 0.9928148 0.9912257 0.9929642 0.9921907 0.9927512
[463] 0.9928790 0.9925182 0.9926950 0.9929162 0.9918533 0.9926419 0.9925482
[470] 0.9929530 0.9928786 0.9894340 0.8196565 0.9930022 0.9928545 0.9929944
[477] 0.9930140 0.9928544 0.9903012 0.9930145 0.9930138 0.9926719 0.9926473
[484] 0.9922750 0.9930067 0.9917032 0.9927595 0.9922675 0.9928676 0.9930037
[491] 0.9923667 0.9927386 0.9928558 0.9930110 0.9930141 0.9925672 0.9923232
[498] 0.9930145 0.9924663 0.9930144

$V_CXLS
  [1] 0.9930116 0.9925998 0.9929593 0.9930149 0.9925879 0.9929938 0.9929547
  [8] 0.9929102 0.9930145 0.9930149 0.9927838 0.9930135 0.9920315 0.9930050
 [15] 0.9930137 0.9930146 0.9930064 0.9930144 0.9930146 0.9929558 0.9929055
 [22] 0.9929966 0.9919503 0.9929493 0.9929751 0.9924245 0.9927269 0.9913968
 [29] 0.9926761 0.9929751 0.9928616 0.9921557 0.9930146 0.9929644 0.9929511
 [36] 0.9930116 0.9927098 0.9930150 0.9925271 0.9930147 0.9929403 0.9929352
 [43] 0.9929274 0.9920267 0.9930118 0.9929724 0.9928682 0.9917457 0.9928431
 [50] 0.9930121 0.9929840 0.9926750 0.9929969 0.9928567 0.9929022 0.9930103
 [57] 0.9930001 0.9929902 0.9926615 0.9929572 0.9929323 0.9912951 0.9930089
 [64] 0.9930118 0.9929162 0.9928737 0.9929837 0.9923944 0.9923561 0.9929541
 [71] 0.9930127 0.9928823 0.9908910 0.9924700 0.9928079 0.9929669 0.9929955
 [78] 0.9930030 0.9929784 0.9929902 0.9929498 0.9928017 0.9930011 0.9929525
 [85] 0.9929662 0.9930149 0.9927278 0.9930135 0.9929842 0.9930150 0.9928711
 [92] 0.9930148 0.9929481 0.9930148 0.9930087 0.9930106 0.9928915 0.9929048
 [99] 0.9930072 0.9929113 0.9930149 0.9930102 0.9929713 0.9930146 0.9921930
[106] 0.9929961 0.9929807 0.9928258 0.9930148 0.9930127 0.9930060 0.9930045
[113] 0.9930093 0.9930047 0.9930138 0.9930096 0.9930012 0.9929830 0.9922672
[120] 0.9929822 0.9917716 0.9926989 0.9930129 0.9930149 0.9930098 0.9925370
[127] 0.9925225 0.9930095 0.9856671 0.9929460 0.9929986 0.9929585 0.9928205
[134] 0.9865227 0.9926326 0.9921780 0.9928535 0.9930149 0.9930127 0.9928622
[141] 0.9926588 0.9929782 0.9929919 0.9922329 0.9926379 0.9920043 0.9928673
[148] 0.9930043 0.9930119 0.9930139 0.9929958 0.9929963 0.9930071 0.9927435
[155] 0.9930149 0.9929583 0.9928737 0.9929781 0.9925982 0.9928751 0.9912238
[162] 0.9929769 0.9926766 0.9918335 0.9927565 0.9928249 0.9928681 0.9930138
[169] 0.9930141 0.9929070 0.9929926 0.9929792 0.9847830 0.9929567 0.9925315
[176] 0.9921297 0.9930043 0.9928961 0.9927870 0.9930014 0.9929807 0.9928534
[183] 0.9924431 0.9926363 0.9926051 0.9929919 0.9930088 0.9919241 0.9929984
[190] 0.9929982 0.9929861 0.9928425 0.9929417 0.9929165 0.9924985 0.9870182
[197] 0.9905711 0.9929471 0.9930049 0.9929568 0.9929967 0.9929642 0.9929580
[204] 0.9929128 0.9928461 0.9928978 0.9929214 0.9930061 0.9927569 0.9929253
[211] 0.9929224 0.9928494 0.9922129 0.9903243 0.9927794 0.9929564 0.9929906
[218] 0.9930104 0.9930111 0.9929952 0.9930013 0.9930003 0.9928687 0.9926791
[225] 0.9928269 0.9929967 0.9930134 0.9923353 0.9929895 0.9912986 0.9930054
[232] 0.9929208 0.9845253 0.9930003 0.9929526 0.9927431 0.9914359 0.9929951
[239] 0.9928351 0.9930098 0.9930098 0.9926969 0.9930099 0.9929124 0.9930150
[246] 0.9930067 0.9928150 0.9928200 0.9928839 0.9929901 0.9927794 0.9920713
[253] 0.9930115 0.9928814 0.9930139 0.9930150 0.9928365 0.9930149 0.9930123
[260] 0.9928704 0.9929663 0.9930118 0.9927141 0.9922255 0.9928874 0.9908007
[267] 0.9929240 0.9929970 0.9929415 0.9929886 0.9927569 0.9928914 0.9930125
[274] 0.9929164 0.9920968 0.9880709 0.9927699 0.9929668 0.9928604 0.9930149
[281] 0.9928640 0.9927955 0.9929548 0.9929162 0.9923588 0.9930092 0.9927809
[288] 0.9930032 0.9930055 0.9928612 0.9903354 0.9904112 0.9930150 0.9928222
[295] 0.9930042 0.9930077 0.9929487 0.9925216 0.9930087 0.9929546 0.9917596
[302] 0.9924501 0.9930108 0.9930109 0.9926221 0.9929344 0.9929286 0.9924871
[309] 0.9930133 0.9922912 0.9928923 0.9929975 0.9930028 0.9930033 0.9930087
[316] 0.9924509 0.9929178 0.9929651 0.9930118 0.9922500 0.9920578 0.9930103
[323] 0.9921172 0.9930117 0.9930134 0.9930068 0.9909619 0.9920959 0.9926689
[330] 0.9930054 0.9923171 0.9930080 0.9930006 0.9929257 0.9929807 0.9926724
[337] 0.9929759 0.9915605 0.9930079 0.9929753 0.9928503 0.9912468 0.9927625
[344] 0.9928937 0.9928632 0.9929842 0.9929393 0.9930054 0.9928416 0.9927361
[351] 0.9927122 0.9925569 0.9929921 0.9929324 0.9930120 0.9922950 0.9928439
[358] 0.9923742 0.9930108 0.9929923 0.9926484 0.9930116 0.9927794 0.9928970
[365] 0.9917953 0.9882422 0.9926510 0.9929715 0.9928346 0.9930148 0.9924606
[372] 0.9929823 0.9928644 0.9929967 0.9929892 0.9929857 0.9929494 0.9909032
[379] 0.9927442 0.9929990 0.9928774 0.9930038 0.9928501 0.9929844 0.9926973
[386] 0.9929803 0.9927051 0.9929097 0.9922392 0.9930110 0.9927664 0.9930105
[393] 0.9869336 0.9930148 0.9918866 0.9928804 0.9927688 0.9930005 0.9929766
[400] 0.9930104 0.9930094 0.9930140 0.9930117 0.9930145 0.9930027 0.9926397
[407] 0.9928026 0.9929383 0.9919631 0.9929963 0.9930086 0.9927090 0.9929973
[414] 0.9930142 0.9929942 0.9929425 0.9928166 0.9930149 0.9930137 0.9929939
[421] 0.9930133 0.9926486 0.9930145 0.9930139 0.9911726 0.9930127 0.9925952
[428] 0.9929987 0.9929550 0.9912881 0.9929533 0.9929989 0.9923743 0.9928087
[435] 0.9920159 0.9928285 0.9929531 0.9929198 0.9930145 0.9930059 0.9928805
[442] 0.9929981 0.9913195 0.9925652 0.9929984 0.9929637 0.9930118 0.9900181
[449] 0.9930100 0.9915433 0.9924022 0.9930114 0.9930144 0.9930115 0.9930102
[456] 0.9915597 0.9923177 0.9930064 0.9929841 0.9929759 0.9929931 0.9903543
[463] 0.9930112 0.9928458 0.9930066 0.9930079 0.9930149 0.9929135 0.9929979
[470] 0.9930141 0.9930115 0.9927141 0.9787535 0.9929391 0.9930087 0.9930044
[477] 0.9929912 0.9924078 0.9929567 0.9929259 0.9928510 0.9930099 0.9887588
[484] 0.9930148 0.9930130 0.9930136 0.9930038 0.9927872 0.9926007 0.9928786
[491] 0.9928721 0.9928575 0.9925476 0.9929705 0.9929941 0.9930101 0.9925459
[498] 0.9929447 0.9929551 0.9929939

$V_OLS
  [1] 0.9920058 0.7312709 0.9851749 0.9818274 0.9929566 0.9929013 0.9929179
  [8] 0.9924880 0.9920195 0.9929540 0.9929882 0.8054338 0.9720244 0.9924567
 [15] 0.9930037 0.9903498 0.9928818 0.9929000 0.9927289 0.9928363 0.9928994
 [22] 0.9854415 0.9927684 0.9928499 0.9810219 0.9886470 0.9910880 0.7117214
 [29] 0.9928257 0.9927332 0.9908636 0.9918178 0.9880704 0.9927575 0.9921748
 [36] 0.9395595 0.9822377 0.7747890 0.9868457 0.9930113 0.9813735 0.9925134
 [43] 0.9930129 0.9928987 0.9927988 0.9928515 0.9904145 0.9859918 0.9778605
 [50] 0.9922869 0.9915853 0.9821192 0.9810854 0.9258673 0.9890273 0.9929001
 [57] 0.9925128 0.9929589 0.7691601 0.9900154 0.9464679 0.9919253 0.9930038
 [64] 0.9804154 0.8477298 0.9899465 0.9914707 0.9676895 0.9919742 0.9872782
 [71] 0.9930125 0.7657842 0.9813736 0.9928864 0.9930147 0.9930039 0.9919309
 [78] 0.9930143 0.9925995 0.9851393 0.9924763 0.9928222 0.9915422 0.9330614
 [85] 0.9920897 0.9930128 0.9862582 0.9928446 0.9921974 0.9929616 0.9929600
 [92] 0.9885457 0.9886508 0.9927228 0.9812204 0.9928643 0.9899945 0.9916313
 [99] 0.9925397 0.9871383 0.7961563 0.9930088 0.9901305 0.9930130 0.9913386
[106] 0.9930149 0.9930140 0.9451225 0.9913113 0.9815298 0.9825497 0.9701660
[113] 0.9906387 0.9890942 0.9928017 0.9929207 0.9919885 0.9823302 0.9865039
[120] 0.9921834 0.9924715 0.9929054 0.9929142 0.9930150 0.9928535 0.9923962
[127] 0.9927569 0.9930066 0.9623818 0.9919472 0.9894739 0.9929270 0.9929954
[134] 0.9298106 0.9928655 0.9921011 0.9926889 0.9929783 0.9920083 0.9929311
[141] 0.9927943 0.9929862 0.9930108 0.9890226 0.9929186 0.9929473 0.9930098
[148] 0.9881949 0.9927997 0.9685106 0.9929991 0.9930138 0.9910789 0.9922548
[155] 0.9910562 0.9929580 0.9925645 0.9763089 0.9930057 0.9924184 0.8258930
[162] 0.9913956 0.9845073 0.9929837 0.9748455 0.9863904 0.9918987 0.9929036
[169] 0.9929446 0.9924652 0.9928637 0.9930115 0.9588061 0.9920269 0.9728965
[176] 0.9913477 0.9929077 0.9928238 0.9847257 0.9928200 0.9919324 0.9684126
[183] 0.9925002 0.9745772 0.9824588 0.9928192 0.9929802 0.9867460 0.9920371
[190] 0.9925873 0.9920629 0.9910359 0.9925646 0.9929653 0.9847021 0.9313458
[197] 0.9921846 0.8772311 0.9929446 0.9764801 0.9840769 0.9930108 0.9929501
[204] 0.9928513 0.9929309 0.9930084 0.9445164 0.9130445 0.9922338 0.9863577
[211] 0.9930055 0.9930130 0.9847296 0.9884600 0.7812571 0.9925987 0.9914390
[218] 0.9929921 0.9630913 0.9930081 0.9929423 0.9930071 0.9247791 0.8563315
[225] 0.9898022 0.9921306 0.9925661 0.9929825 0.9929880 0.7825560 0.9929522
[232] 0.9928784 0.9839276 0.9930057 0.9924619 0.9705995 0.9930120 0.9886304
[239] 0.9801667 0.9929700 0.9926071 0.9929297 0.9924182 0.9927878 0.9930129
[246] 0.9930144 0.9928293 0.9930022 0.9913307 0.9928586 0.9905512 0.9930134
[253] 0.9779868 0.9742540 0.9930117 0.9916158 0.9911259 0.9927103 0.9928812
[260] 0.9928116 0.9930149 0.9930131 0.9878895 0.9914479 0.9929583 0.6575967
[267] 0.9929620 0.9928062 0.9928594 0.9928627 0.9890206 0.9928684 0.9903409
[274] 0.9929593 0.9926663 0.8780809 0.9927867 0.9930133 0.9929429 0.9929358
[281] 0.9930132 0.9929904 0.9458728 0.9928729 0.9922282 0.9928853 0.9846394
[288] 0.9929922 0.9854290 0.9743266 0.7853761 0.9771752 0.9640955 0.9930149
[295] 0.9927931 0.9929985 0.9926522 0.8927919 0.9928965 0.9930007 0.9168378
[302] 0.9635394 0.9930061 0.9923607 0.9833902 0.9930102 0.9696205 0.9909645
[309] 0.9928878 0.9918790 0.9928657 0.9929252 0.9925891 0.9930073 0.9928659
[316] 0.9917427 0.9818279 0.9912606 0.9930126 0.9835905 0.7486034 0.9926248
[323] 0.9429758 0.9928855 0.9917824 0.9928196 0.9704935 0.9814318 0.9930131
[330] 0.9436186 0.9926235 0.9687332 0.9929566 0.9928679 0.9906278 0.9312010
[337] 0.9928340 0.9929482 0.9927575 0.9930039 0.9929517 0.9891143 0.9901836
[344] 0.9927599 0.7506707 0.9916024 0.9686190 0.9929949 0.9927821 0.9929045
[351] 0.9927621 0.9929031 0.9929378 0.9907916 0.9929589 0.9927669 0.9930061
[358] 0.9919026 0.9757142 0.9929939 0.9926978 0.9925919 0.9926823 0.9740708
[365] 0.9880476 0.9886156 0.9717018 0.9926062 0.9534385 0.9929925 0.9773082
[372] 0.9924399 0.9929797 0.9929163 0.9923733 0.9614667 0.9929209 0.9912117
[379] 0.9709237 0.9929745 0.9928535 0.9930117 0.9897545 0.9866989 0.9904409
[386] 0.9929459 0.7555919 0.9927925 0.9927268 0.9905500 0.9890083 0.9683903
[393] 0.9692252 0.9930100 0.9930128 0.9924480 0.9929581 0.9929265 0.9929774
[400] 0.7506707 0.8918295 0.9925673 0.9926499 0.9930140 0.9928326 0.9927265
[407] 0.9583308 0.9929747 0.9924546 0.9924857 0.9865190 0.9924190 0.9925574
[414] 0.9924377 0.7506707 0.9926381 0.9928900 0.9929659 0.9927273 0.9361492
[421] 0.9824236 0.9792417 0.9920555 0.9929405 0.9833052 0.9879533 0.9922505
[428] 0.9929854 0.9929504 0.9427325 0.9866200 0.9930024 0.9930148 0.9928055
[435] 0.9868670 0.9926287 0.9928815 0.9922816 0.9930029 0.9919961 0.9925770
[442] 0.9929387 0.7579059 0.9898004 0.9899632 0.9907316 0.9924726 0.9930093
[449] 0.9929588 0.9908161 0.9913036 0.9164946 0.9929132 0.9920322 0.9924828
[456] 0.9917929 0.9929823 0.9930109 0.9929487 0.9926360 0.9859067 0.9899013
[463] 0.9930083 0.9928248 0.9930146 0.9929399 0.9757699 0.9924664 0.9901293
[470] 0.9929949 0.9929997 0.9930074 0.5396478 0.9929609 0.9923641 0.9915280
[477] 0.9930068 0.9191277 0.9927910 0.9930015 0.9928097 0.9910524 0.9482268
[484] 0.9928794 0.9929835 0.9888180 0.9924776 0.9922860 0.9926620 0.9928798
[491] 0.9427311 0.9880899 0.9891852 0.9916264 0.9929966 0.9929467 0.9928786
[498] 0.9925031 0.7909946 0.9929435

$Beta_CX
                [,1]          [,2]      [,3]
  [1,]  0.1184480386  0.5145007923 1.0391874
  [2,] -0.0639180832  0.3303003350 0.3955606
  [3,] -0.1720779549  0.3966177319 0.9926526
  [4,] -0.0139046291  0.3905144027 0.7376845
  [5,]  0.0982645717  0.7272387666 0.8379687
  [6,] -0.0801679634  0.3891746188 0.6423585
  [7,]  0.0530096267  0.4687897530 0.6674424
  [8,] -0.2003393549  0.3649332896 0.7348752
  [9,]  0.0346580790  0.4518559851 0.8287889
 [10,]  0.0350353792  0.5424121933 1.1482081
 [11,] -0.0943965602  0.4659989244 0.6049443
 [12,]  0.0045682372  0.2516047625 0.5941616
 [13,]  0.0226605654  0.4417532922 0.4400169
 [14,] -0.0752989795  0.4009564757 0.9933707
 [15,]  0.0517047478  0.4325469568 0.7912922
 [16,]  0.0394497235  0.3359819165 0.6493730
 [17,]  0.0347229361  0.3415861482 0.8749720
 [18,] -0.0607212104  0.4248524639 0.8423349
 [19,] -0.0228376447  0.4415893468 0.8036501
 [20,]  0.2425885642  0.5575503246 1.4139234
 [21,] -0.0953407374  0.3869080516 0.5640131
 [22,]  0.1242488156  0.4059417408 0.9646196
 [23,]  0.0316748136  0.1208653319 0.9049657
 [24,]  0.0597507111  0.3046934831 0.9545291
 [25,] -0.1473930647  0.3363884582 0.7311504
 [26,]  0.0309749417  0.1528770069 0.8414776
 [27,] -0.0275398979  0.2058471856 0.8894890
 [28,] -0.2122979942  0.1441975455 0.6472405
 [29,]  0.1481718232  0.5707180091 0.7286944
 [30,] -0.0647941642  0.2433272126 0.6764692
 [31,]  0.1381178816  0.7118575458 0.9633947
 [32,]  0.1608144897  0.4849747139 0.5646816
 [33,]  0.0324049717  0.4266934183 0.7881696
 [34,]  0.0697723853  0.2965271039 0.8729035
 [35,] -0.1551467951  0.6911522170 1.0475655
 [36,] -0.0548281541  0.4715136607 0.8193506
 [37,]  0.1962526797  0.2738834643 0.8389863
 [38,]  0.0002795440  0.3791551481 0.7802605
 [39,]  0.0511839185  0.1296965711 0.6321519
 [40,] -0.0293585615  0.3149325792 0.6704706
 [41,] -0.0422401369  0.2625536010 0.8462046
 [42,]  0.2270047929  0.5942713360 1.0019236
 [43,]  0.1437295674  0.2792787800 0.6955697
 [44,]  0.2883536610  0.4055940914 0.6217616
 [45,]  0.1117528723  0.5113644374 0.9978607
 [46,]  0.1699126238  0.7212646015 1.1461660
 [47,]  0.0174534659  0.4498830097 0.5761111
 [48,]  0.0519739755  0.5738123215 0.5500957
 [49,]  0.2341135916  0.5633074255 0.8881401
 [50,]  0.0953916987  0.4413600267 0.9257412
 [51,] -0.0271965919  0.2302173489 0.6661522
 [52,] -0.3282479173  0.4120672782 0.9751237
 [53,] -0.0576553972  0.2627475364 0.6792324
 [54,]  0.0301509025  0.4661939880 0.5946066
 [55,] -0.0529634417  0.2909520967 1.0035241
 [56,]  0.0834559375  0.6902962060 1.1852452
 [57,]  0.1638217884  0.4905716638 0.9814295
 [58,] -0.1517668892  0.4055679752 0.9133830
 [59,] -0.1707518971  0.5356637079 0.7107492
 [60,]  0.0379448663  0.6427529881 0.9001532
 [61,] -0.1774372639  0.3650099381 0.9363591
 [62,]  0.1826383482  0.5687748037 0.5780613
 [63,]  0.0024056489  0.4389484654 0.7082463
 [64,] -0.0406996322  0.5775418194 0.9793761
 [65,] -0.0798835923  0.3937321879 0.5627612
 [66,]  0.0203584737  0.1861042241 0.6848595
 [67,]  0.0790413135  0.3920734738 0.6245465
 [68,] -0.1893350803  0.3620036454 0.5163231
 [69,] -0.0222064946  0.1468879604 0.8524323
 [70,] -0.1629184027  0.3329827401 0.6977240
 [71,] -0.0518388570  0.4845789341 1.1299743
 [72,] -0.0156112487  0.2598828468 0.9468680
 [73,] -0.1375773342  0.5592572687 0.5181775
 [74,] -0.0453423759  0.7429929508 0.8128129
 [75,] -0.0664713427  0.2472009853 0.9494487
 [76,]  0.0821493061  0.3528763064 1.0317753
 [77,] -0.1163702568  0.4552710943 0.7886859
 [78,] -0.0310863422  0.3168963979 0.8373641
 [79,]  0.1559396238  0.3929229136 0.9334994
 [80,] -0.0158207248  0.2754372391 0.7879827
 [81,] -0.0338065556  0.2263092631 0.7163980
 [82,]  0.1995701349  0.5204081604 0.7756336
 [83,] -0.0806953911  0.3365252246 0.5912711
 [84,] -0.1461861831  0.3103814672 0.6078445
 [85,]  0.2019009238  0.4429317470 0.9020316
 [86,] -0.0115664984  0.4551557762 0.9639345
 [87,] -0.2021124255  0.4289782934 0.6609095
 [88,] -0.0527765730  0.4171761441 0.7623989
 [89,] -0.1059322471  0.3821235904 0.6477760
 [90,]  0.0237024306  0.5176279863 1.0263016
 [91,] -0.0991998508  0.5293701760 0.7215421
 [92,]  0.0074259581  0.4102838833 0.9048729
 [93,] -0.0927174890  0.2595141392 0.7365954
 [94,] -0.0226544583  0.3225719344 0.6881312
 [95,] -0.0195983985  0.3667621914 0.9337061
 [96,]  0.0274490580  0.4188202778 0.6984730
 [97,] -0.0380726937  0.3287236894 0.4388529
 [98,]  0.1082826093  0.2589742554 0.7857113
 [99,]  0.1782405006  0.6408038077 1.2621483
[100,] -0.0893511315  0.2813792932 0.8995748
[101,] -0.0203744958  0.3455594336 0.6603684
[102,]  0.0531867530  0.6279955010 1.0518726
[103,] -0.0220196019  0.6291692075 0.8990942
[104,] -0.0366055049  0.4121279787 0.8920474
[105,] -0.1027609732  0.5492659782 0.5888862
[106,]  0.0349965758  0.3562419275 0.9797445
[107,]  0.0414057772  0.3793993664 1.1115843
[108,] -0.0513528437  0.1981878846 0.7444885
[109,] -0.0398434630  0.4807353570 0.9277890
[110,] -0.0583397152  0.3064668246 0.5860969
[111,]  0.0407593226  0.4618865373 0.7475374
[112,] -0.0594427365  0.3208160530 0.8008506
[113,] -0.0221211564  0.4504377838 1.1398679
[114,]  0.0627987579  0.4139552977 0.6909351
[115,] -0.0046416746  0.5926844601 1.3855038
[116,]  0.1144788725  0.4470384720 0.8901939
[117,]  0.0036890676  0.5501245637 0.8477465
[118,]  0.0787204172  0.2922581138 0.7825680
[119,] -0.1302044569  0.1671125402 0.8444122
[120,] -0.0943980851  0.4971974516 0.7828601
[121,] -0.0098138088  0.1048467982 0.8862592
[122,] -0.1736488751  0.2808207357 0.9918267
[123,]  0.0704008294  0.3807451319 0.8166001
[124,] -0.0178601179  0.4477522489 0.8472973
[125,] -0.1098567916  0.4238761882 0.8683259
[126,]  0.1274202631  0.5529970441 0.6590446
[127,]  0.3881132359  0.4576148929 0.9817526
[128,]  0.0220363883  0.4841991744 0.7912152
[129,] -0.2116113365 -0.0132487345 0.7307658
[130,] -0.0075248956  0.2424968513 0.7904412
[131,]  0.0421580535  0.5250043469 0.8148987
[132,]  0.0504929368  0.3900330896 1.2199373
[133,]  0.0960211591  0.1723130166 0.5405179
[134,] -0.2072298223  0.4983593162 0.3924968
[135,]  0.0682911661  0.1897620104 0.8493116
[136,] -0.2986825964  0.6583153196 0.8442104
[137,] -0.0687718511  0.5921177788 0.7677797
[138,]  0.0357271757  0.5572119745 1.1598626
[139,]  0.0153649268  0.4287149991 0.7276965
[140,] -0.0734898235  0.4653578231 0.6198116
[141,]  0.4013114931  0.5012892923 1.4038318
[142,] -0.0936000435  0.5785212394 0.8850627
[143,] -0.1341340086  0.5168466470 0.8849867
[144,] -0.1096610098  0.5595179128 0.6075212
[145,] -0.0096535865  0.5921563001 0.6770690
[146,]  0.1583305260  0.6885604968 0.7295767
[147,]  0.0320635410  0.7040005205 0.9013163
[148,]  0.1057466138  0.3988220831 0.9198508
[149,]  0.0682310181  0.6163149570 1.0744247
[150,] -0.0390386151  0.4795606781 0.8595343
[151,] -0.0033140602  0.3035188487 0.8500468
[152,] -0.0688694499  0.5724488390 0.8986574
[153,]  0.0606064285  0.4600291706 0.7706148
[154,] -0.1290675949  0.5637019374 0.7292718
[155,] -0.0002421596  0.3343278223 0.6272749
[156,]  0.1795527284  0.5672849235 0.9363811
[157,] -0.0694255642  0.5017933090 0.6669473
[158,] -0.1439419580  0.3395544758 0.7589940
[159,] -0.1009336702  0.5841130315 0.6917531
[160,] -0.0415882185  0.2013169256 0.7201287
[161,] -0.1971567946  0.4014705815 0.4582949
[162,]  0.0848435578  0.4744651368 1.3763155
[163,] -0.1331412350  0.2683953737 1.0798941
[164,] -0.0210910293  0.1207025379 0.9842721
[165,] -0.0267729321  0.1576751362 0.6588453
[166,]  0.1049367416  0.5180017975 0.6871031
[167,]  0.1052081611  0.2472422476 0.8033528
[168,]  0.1071124325  0.6363017249 1.3305965
[169,] -0.0235369870  0.5288958398 0.9339033
[170,] -0.0773942491  0.4819997573 0.6658069
[171,]  0.0629759244  0.4432635537 1.2218237
[172,]  0.1347397451  0.3620320948 0.8896254
[173,]  0.1556860677  0.7905072644 0.5001511
[174,]  0.1117621574  0.3637430012 1.0479850
[175,] -0.1021731925  0.1578627653 0.6738279
[176,] -0.1878473873  0.6126462590 0.6974159
[177,]  0.1479474833  0.5331841498 1.2099846
[178,] -0.0163437502  0.2301970088 0.8203268
[179,] -0.2550909944  0.4586412581 0.7931761
[180,]  0.0401645962  0.5499162963 0.8609263
[181,] -0.0155574125  0.6658437618 0.9664342
[182,] -0.1990669535  0.3544842026 0.6562085
[183,] -0.1565012634  0.1727632404 0.5933277
[184,]  0.0700396792  0.2191256797 0.9913175
[185,]  0.2128130438  0.7967345859 0.9934420
[186,]  0.0905468072  0.5211479394 1.4202097
[187,] -0.1044439605  0.4146726887 0.7954596
[188,] -0.0479438176  0.1145824354 0.8610133
[189,]  0.0807943317  0.5973038479 0.9545069
[190,]  0.0941984678  0.2943197493 0.6752955
[191,]  0.0209360139  0.4632925380 0.6832518
[192,]  0.1771040722  0.5191427285 0.7690596
[193,]  0.0135311669  0.3017850679 0.9949792
[194,]  0.1030913826  0.3119463219 0.9858118
[195,]  0.0418485257  0.1474364803 0.7573163
[196,] -0.1679766412 -0.0002711617 0.6500275
[197,]  0.2260416417  0.1108732369 1.1923520
[198,]  0.0469952277  0.2013061147 0.6240703
[199,]  0.1173356303  0.5454626444 0.9607967
[200,] -0.0838015930  0.2794562449 0.8063021
[201,] -0.0993732311  0.3962210618 0.6872056
[202,] -0.1020119137  0.3145959435 0.8695522
[203,]  0.0498146824  0.4715166837 0.6720180
[204,] -0.0076205197  0.1960452088 0.6819160
[205,]  0.0644953851  0.2026997319 0.7274608
[206,] -0.0459632198  0.5213610024 0.6920784
[207,] -0.0064579380  0.2709807298 0.9293359
[208,] -0.0333286415  0.2787124739 0.7131186
[209,]  0.0235542818  0.6932989671 0.8312827
[210,]  0.0588601827  0.2137200790 0.6840759
[211,]  0.0052888257  0.4152143044 0.5544660
[212,] -0.0121415695  0.2317331100 0.8851537
[213,] -0.0122339298  0.1237081382 0.7959464
[214,]  0.0197673391  0.0367039541 0.8494513
[215,] -0.1306939596  0.3753264610 0.5385189
[216,]  0.1870642805  0.3880546719 0.8719797
[217,]  0.0300634553  0.4812188997 0.7213801
[218,]  0.0573455298  0.2427752719 0.5237801
[219,]  0.0781503224  0.3310522861 0.6919115
[220,]  0.0771758573  0.5285053302 0.8388033
[221,]  0.1753312331  0.5305816356 1.1264446
[222,]  0.1126236290  0.3480228926 0.7715756
[223,] -0.1151859325  0.3848829847 0.5643115
[224,]  0.1844596141  0.2370386729 0.6696811
[225,] -0.1581272057  0.4802209903 0.6985177
[226,] -0.1427099518  0.6151679174 1.0489581
[227,] -0.0303108168  0.6886847793 1.1914308
[228,] -0.1433034026  0.2037333569 1.0192354
[229,]  0.0513035309  0.6550583226 0.9850301
[230,] -0.2384128579  0.1572092074 0.7088699
[231,] -0.0888781177  0.4321006913 0.7568990
[232,] -0.0829877993  0.2587168471 0.8087577
[233,]  0.3083402561  0.7954368475 0.5625983
[234,] -0.0697935757  0.3817263874 0.9872302
[235,] -0.0175058595  0.5039446184 0.6987642
[236,] -0.0878022186  0.1490179717 0.5090345
[237,]  0.0457598212  0.0971428546 0.9874046
[238,] -0.1434015952  0.3933093234 0.8062970
[239,] -0.0280799980  0.4921636812 0.6187675
[240,]  0.0558437372  0.4083722269 0.9867976
[241,] -0.0017026282  0.4091536648 0.6657209
[242,]  0.0221276265  0.1922096236 0.8562152
[243,]  0.1089471933  0.4919931237 1.0995459
[244,]  0.1298235457  0.4937605953 0.7331795
[245,]  0.0032510656  0.5788990151 1.1420848
[246,]  0.1216498074  0.4186005171 0.8604094
[247,] -0.1260235030  0.5093090499 0.6938292
[248,] -0.1859659287  0.2895032893 0.5829208
[249,] -0.1508178292  0.2565229124 0.6450814
[250,]  0.0554843964  0.3073911002 0.8424995
[251,]  0.1910949731  0.5241554240 0.7598604
[252,] -0.0882899390  0.5765877140 0.5941014
[253,] -0.0817376757  0.4298991644 0.9626213
[254,]  0.0711018416  0.5785135383 0.7665016
[255,] -0.0387922757  0.4517382302 1.0257839
[256,]  0.0022899684  0.4413146748 0.8720120
[257,]  0.0510565076  0.4653773865 0.5933723
[258,]  0.0543828501  0.5661629665 1.1412727
[259,]  0.0799597664  0.6985443461 1.2294210
[260,] -0.0564324466  0.5896439795 0.7679640
[261,] -0.0725971124  0.2943444772 0.4663196
[262,] -0.1058405377  0.5456696612 1.0211569
[263,]  0.2085570892  0.2690498753 0.6821272
[264,] -0.0366503494  0.7506773731 0.7724096
[265,]  0.0281477368  0.4752293780 0.6198244
[266,] -0.1880285811  0.2224673315 0.3229819
[267,]  0.1777864374  0.3349015782 0.8171257
[268,]  0.1556109911  0.4433680442 0.9648508
[269,] -0.1099670073  0.5259568063 0.7772042
[270,] -0.1401612256  0.3578346442 0.7750513
[271,]  0.2864857422  0.3876756338 0.9494344
[272,] -0.0714126034  0.6899800076 0.9163620
[273,] -0.0201996506  0.4175653507 0.7095923
[274,] -0.1643610254  0.3441529965 0.9456301
[275,] -0.2823700795  0.2868871278 0.6032181
[276,] -0.1767169023 -0.0018677933 0.9675070
[277,]  0.3065576786  0.6424728268 1.0168619
[278,]  0.1471753414  0.3637167634 0.9127314
[279,]  0.0192465105  0.5729788764 0.7294288
[280,]  0.0445656744  0.4627252686 0.9190551
[281,]  0.1270422980  0.3002448075 0.9830934
[282,] -0.2420173690  0.4647337761 0.7793020
[283,] -0.0351074843  0.5484631635 0.7678768
[284,] -0.2436141089  0.4338827919 0.9638394
[285,] -0.2462254783  0.3935012067 0.6055396
[286,]  0.0810142954  0.4103624884 0.9548319
[287,] -0.1008721247  0.5230844910 0.6743530
[288,]  0.1240012589  0.5872061063 1.0185308
[289,]  0.0038155484  0.3935390619 0.6206077
[290,]  0.0359474453  0.5434356888 0.6952860
[291,] -0.1684670792  0.0722965872 0.7367398
[292,] -0.1887824616  0.0861188795 0.7234562
[293,]  0.0052146560  0.4125633742 0.8386023
[294,] -0.0764765437  0.5321087517 0.6842508
[295,]  0.0167734043  0.5764292723 0.9038291
[296,] -0.0256353565  0.4928140980 0.7947478
[297,] -0.1055043576  0.4459838898 0.6795308
[298,] -0.1183423938  0.1934725421 0.8564988
[299,]  0.1221362636  0.4531158918 0.9166207
[300,]  0.1723220378  0.4780610507 0.8158509
[301,] -0.0993400671  0.4589460814 0.4642484
[302,]  0.0071438689  0.1419872364 0.7760284
[303,] -0.0757611611  0.4993576601 1.1765674
[304,]  0.0702401886  0.4720947526 0.8335326
[305,] -0.0231655755  0.2058742216 0.9808886
[306,]  0.1876567722  0.4632794187 1.3156560
[307,]  0.1916504106  0.3818717834 0.9708612
[308,] -0.1476459697  0.2268603217 1.0161939
[309,]  0.0150391105  0.2779489926 0.4814709
[310,] -0.1375791176  0.6998345540 0.7714255
[311,]  0.0372490582  0.4945744728 0.6503214
[312,] -0.0734542120  0.3256362430 0.8335592
[313,]  0.1263373658  0.4053559151 0.8855832
[314,] -0.0033938286  0.3240031707 0.8678442
[315,]  0.0869057138  0.4691111888 0.8329281
[316,]  0.2291254287  0.5004824525 0.6854412
[317,]  0.1341615246  0.4642079666 0.7071748
[318,] -0.0949803967  0.5472757456 0.8203433
[319,] -0.0511173907  0.3895442785 0.9113234
[320,] -0.1077055087  0.6177923183 0.6661188
[321,] -0.1691167509  0.1592213231 0.3760211
[322,]  0.0776474842  0.3509958023 0.6622661
[323,] -0.1436210733  0.5751837049 0.6300335
[324,] -0.0505882225  0.3309602954 0.7641134
[325,] -0.0800730903  0.4886510412 1.0597630
[326,]  0.0227903722  0.3576382558 0.5758568
[327,]  0.0936463319  0.6481663533 0.5770461
[328,]  0.0441688583  0.1440218961 0.9833666
[329,] -0.0772780688  0.2051762446 0.8861073
[330,] -0.0884700276  0.3588250215 0.6548264
[331,]  0.1058814117  0.1398483537 0.6884964
[332,] -0.0724282164  0.2843936088 0.5413329
[333,]  0.1280973331  0.5388653661 0.9424353
[334,] -0.0665045537  0.5254654532 0.7260521
[335,]  0.0397409097  0.2400650920 0.6897852
[336,] -0.0652106837  0.5147758556 0.6125348
[337,] -0.1295251929  0.4289631194 0.7268377
[338,] -0.1232237468  0.3227436565 0.3538474
[339,]  0.1241895710  0.4529519500 0.8981596
[340,]  0.1329886610  0.4264162257 0.7290082
[341,]  0.2385028712  0.4196652356 1.2225847
[342,]  0.0632922055  0.7479358957 0.6723789
[343,]  0.0546037095  0.3582151070 0.4462949
[344,] -0.1306011124  0.2314478494 0.5933328
[345,] -0.0458670470  0.3439946281 0.4529075
[346,]  0.1409245979  0.4410302491 1.1208231
[347,] -0.0902118675  0.6801860257 0.9580294
[348,] -0.0867223262  0.4004594593 0.7086393
[349,]  0.2995352415  0.5319710875 0.9727973
[350,] -0.2443603649  0.3332131478 0.7184629
[351,] -0.0836592939  0.2134799301 0.8734715
[352,]  0.2083098529  0.6836816718 0.8602391
[353,]  0.1125591198  0.2964324368 0.6278004
[354,]  0.0293482803  0.5018849412 0.6818962
[355,] -0.0612452009  0.4938124911 0.8691428
[356,] -0.1367533522  0.1440224071 0.5806743
[357,]  0.0714426951  0.3636672886 1.3680442
[358,] -0.0088678225  0.1204008473 0.6951851
[359,]  0.0581777335  0.3168094650 0.7246934
[360,]  0.2010357431  0.5342329182 1.0873414
[361,] -0.2946867471  0.4357331072 0.7884429
[362,]  0.0982752215  0.4253444119 0.8657881
[363,]  0.1793654779  0.3105126241 1.0235366
[364,] -0.0118004549  0.2707624559 0.9660143
[365,] -0.0636491312  0.5475448843 0.5330468
[366,] -0.3121948554  0.1197468778 0.6257635
[367,]  0.0310947193  0.2090944247 0.9666804
[368,] -0.0336462635  0.3335077300 0.4866169
[369,] -0.0082612736  0.4495877588 0.5624080
[370,] -0.0428001568  0.4228295034 0.8816466
[371,]  0.0032513683  0.5559847200 0.6020234
[372,]  0.1090188069  0.4150963655 0.6918602
[373,]  0.1380953608  0.4586875114 0.6698525
[374,] -0.1344216269  0.5781629867 0.9865337
[375,] -0.0022864340  0.5013200263 0.7421510
[376,] -0.0181770974  0.2101413041 0.6094831
[377,] -0.0527561254  0.5945622782 0.8331899
[378,]  0.1567263307  0.6942811005 0.6393354
[379,] -0.0531292541  0.1813734951 0.7449252
[380,] -0.0343167780  0.3409602964 0.9244770
[381,] -0.0861484388  0.4564521464 0.6256585
[382,]  0.0559918435  0.3782601301 0.9707707
[383,]  0.1148626018  0.2873463179 0.9812092
[384,] -0.1329419875  0.3978264030 0.7135812
[385,]  0.1708682371  0.3764373721 0.5620749
[386,] -0.0288604594  0.3083357119 0.9093612
[387,] -0.2317637807  0.3496873374 0.6453434
[388,] -0.1341707527  0.2548644293 0.4901648
[389,]  0.1204088965  0.1385219220 0.6733111
[390,] -0.0395964218  0.4285005266 0.7266599
[391,] -0.0569588010  0.1682636898 0.6619277
[392,] -0.0061065572  0.3386439175 0.8468467
[393,] -0.1743679275  0.6269356331 0.4558430
[394,]  0.0392241783  0.4077884146 0.8351850
[395,]  0.1431396463  0.5006423251 0.5378823
[396,] -0.1445902182  0.4399722642 0.6665225
[397,]  0.1177128036  0.7641789731 0.9561354
[398,] -0.0642819819  0.3700153786 0.9605987
[399,]  0.1895777520  0.4954504511 0.9181618
[400,] -0.0802069128  0.3400319620 0.6563895
[401,]  0.0228652931  0.2911176904 0.7286171
[402,] -0.0306997121  0.4282457577 0.9768439
[403,]  0.0164392610  0.3696393386 0.9053266
[404,]  0.0621425223  0.4868804770 1.0243084
[405,]  0.1250963852  0.6118571903 1.0515982
[406,]  0.0928772156  0.7288232837 0.8530678
[407,] -0.1508904814  0.4310280604 0.6273605
[408,]  0.2634469930  0.5035582788 1.0854375
[409,] -0.1056273066  0.6996602843 0.7072991
[410,]  0.0379275828  0.2126137879 0.5643416
[411,] -0.0332865909  0.2594086058 0.6417726
[412,]  0.2812022859  0.4955526515 0.8240131
[413,]  0.0001356190  0.6430187499 0.9757938
[414,]  0.0481763682  0.4506065291 0.8367186
[415,] -0.0768470996  0.2807853848 0.7059943
[416,]  0.2927707406  0.7319263829 1.2709735
[417,] -0.0302286112  0.3084969824 1.2208369
[418,]  0.0057297619  0.2252208196 0.4199888
[419,] -0.0219554226  0.3873360637 0.9006848
[420,] -0.0067754685  0.3086439156 0.8727098
[421,]  0.0219791137  0.3108335875 0.7271356
[422,] -0.1664879627  0.5343442127 0.7019142
[423,]  0.0190875953  0.3746921338 0.6797053
[424,] -0.0422966969  0.4161649707 0.9332255
[425,] -0.2716474433  0.5004237749 0.5914954
[426,] -0.0737358075  0.5233119180 0.9475865
[427,] -0.1451994120  0.1928022647 0.6755139
[428,]  0.1818181650  0.6787940369 1.2093414
[429,]  0.1426259452  0.3671978404 0.9896324
[430,]  0.1260244494  0.0922602940 0.7486529
[431,]  0.0971108311  0.6131890221 0.8927553
[432,] -0.0251037807  0.2469674348 0.6700700
[433,]  0.1984011330  0.2133028790 0.7906917
[434,]  0.2941274884  0.4364611290 1.1526362
[435,]  0.1948350697  0.4841314551 0.5775124
[436,] -0.0635955344  0.2563869548 0.9645307
[437,] -0.1497938493  0.3056137230 0.6920681
[438,]  0.1401985290  0.3199390858 0.9141694
[439,] -0.0389128842  0.4590868614 0.8523787
[440,]  0.0672824565  0.4607195516 0.7722015
[441,]  0.0747606814  0.4460325172 0.6034605
[442,]  0.1066042490  0.5004675075 0.8457921
[443,] -0.2483891635  0.3421574173 0.4767752
[444,] -0.2596163973  0.3035735210 0.9069673
[445,] -0.0696851376  0.2367479507 0.5628614
[446,]  0.1737737822  0.4249270407 0.7822002
[447,]  0.0445810305  0.4393660193 0.7599801
[448,] -0.0704106411  0.0304251091 0.8022858
[449,] -0.1010389090  0.4233266165 0.9191973
[450,] -0.1820971641  0.6775608759 0.6855993
[451,]  0.2068159417  0.6261952026 0.7677929
[452,] -0.0247432592  0.1976980698 0.4690820
[453,]  0.0807136894  0.5491158922 1.1150337
[454,] -0.0447493964  0.4683754502 0.8024893
[455,] -0.0194027271  0.4668126941 0.7664638
[456,] -0.1288258739  0.6379929309 0.6226937
[457,] -0.0082480210  0.1371312065 0.8231905
[458,] -0.0276763243  0.4045594376 1.0494204
[459,]  0.1617850832  0.4271186368 1.0039213
[460,] -0.0338450336  0.6877001814 0.9931068
[461,]  0.0318436663  0.4225006431 0.6418685
[462,] -0.1677810183  0.4990890835 0.4663154
[463,]  0.0393382647  0.4117680170 0.9986052
[464,] -0.2186757040  0.3649016303 0.7078052
[465,]  0.0923147075  0.4683364884 1.1293885
[466,]  0.0291134570  0.3379180444 0.8580055
[467,] -0.0181466451  0.3076665955 0.6330679
[468,] -0.1827603718  0.3611214358 0.9598083
[469,]  0.0514206721  0.3637664638 0.5820985
[470,]  0.0388395886  0.4894776850 1.1060861
[471,] -0.0572868667  0.3887296420 0.9058130
[472,] -0.0240547287  0.2126957115 0.9328088
[473,] -0.1947258618  0.2026492172 0.1951855
[474,]  0.1700947408  0.6743836622 1.0251641
[475,]  0.0733098109  0.4401766845 0.7685281
[476,]  0.1313340021  0.6500481608 1.1280701
[477,]  0.0449853310  0.5724669088 0.8652564
[478,] -0.1658447814  0.4823635196 0.6012721
[479,] -0.1779800922  0.3844261443 0.7529192
[480,] -0.0549269212  0.5851516745 0.7967769
[481,] -0.0580490609  0.5480768384 0.7067882
[482,] -0.0584864572  0.3732036606 0.6543148
[483,] -0.0347045951  0.6143747337 0.4518448
[484,]  0.0249852748  0.4530208541 0.8465735
[485,] -0.0408095470  0.4775999289 1.1191753
[486,] -0.0130832247  0.3294979319 0.7711146
[487,]  0.0819478521  0.6165094114 1.0107129
[488,] -0.1542750157  0.4077228337 0.6007883
[489,]  0.0263121959  0.2085236915 1.0109566
[490,] -0.0061978096  0.5218938348 0.6714222
[491,] -0.1520675034  0.4398745314 0.6704736
[492,]  0.1416353935  0.2474530559 0.7025608
[493,]  0.1582866259  0.5608055972 0.6932371
[494,] -0.1282171900  0.4622188125 0.7562725
[495,]  0.0686591257  0.4237213398 0.6774033
[496,]  0.1135903579  0.4575734374 0.9042491
[497,] -0.0222040581  0.1415868040 0.7140592
[498,] -0.1166455531  0.5376116811 0.8026242
[499,] -0.1507474393  0.4061386632 0.7011934
[500,] -0.0015295680  0.5510324391 0.8263316

