$RE_RF
[1] 2.921688

$RE_CXls
[1] 3.239753

$RF_2_imput
                  [,1]
Q1_bias    0.032545688
mean_bias -0.007412695
Q3_bias   -0.045496491
MSE        0.672125313

$CXls_imput
                   [,1]
Q1_bias   -0.0123921049
mean_bias -0.0053077111
Q3_bias    0.0004350215
MSE        0.4205451517

$bias_sd_OLS
                  beta.t        bias       Esd       Asd    CP
(Intercept) 2.072522e-17 -0.01029768 0.2197228 0.2088182 0.940
X1          1.000000e+00 -0.02139028 0.3289275 0.3473385 0.976
X2          1.000000e+00 -0.02028519 0.3550547 0.3471335 0.966

$bias_sd_RF
                  beta.t        bias        sd
(Intercept) 2.072522e-17 -0.00701625 0.1309859
X1          1.000000e+00 -0.14898612 0.1320510
X2          1.000000e+00 -0.14851697 0.1343510

$bias_sd_CXls
                  beta.t         bias       Esd    Asd_IF    CP  RE_beta
(Intercept) 2.072522e-17 -0.005025800 0.1227273 0.1218931 0.950 1.042702
X1          1.000000e+00 -0.007945793 0.1818774 0.1733935 0.934 3.278306
X2          1.000000e+00 -0.003663622 0.1981591 0.1752866 0.918 3.219821

$pcd_OLS
[1] 0.9246942 0.0553068

$VF_OLS
[1] 0.54139594 0.04138092

$pcd_RF
[1] 0.95411382 0.02488506

$VF_RF
[1] 0.555405860 0.006560642

$pcd_CXls
[1] 0.95834255 0.02390296

$VF_Cxls
[1] 0.556061169 0.007736735

$VF_0
  mean_V0     sd_V0 
0.5617835 2.0152695 

$VF_B0
 mean_VB0    sd_VB0 
0.5617835 2.0152695 

$PCD_vals_RF
  [1] 0.9390909 0.9654545 0.9425455 0.9645455 0.9929091 0.9750909 0.9676364
  [8] 0.9910909 0.9670909 0.9692727 0.9489091 0.9541818 0.9856364 0.9641818
 [15] 0.9698182 0.9803636 0.9620000 0.9040000 0.9218182 0.9665455 0.9638182
 [22] 0.9554545 0.9338182 0.9669091 0.9627273 0.9412727 0.9687273 0.9047273
 [29] 0.9821818 0.8958182 0.9621818 0.9770909 0.9520000 0.9620000 0.9643636
 [36] 0.9467273 0.9770909 0.9481818 0.9823636 0.9587273 0.9234545 0.9505455
 [43] 0.9758182 0.9761818 0.9845455 0.9307273 0.9407273 0.9021818 0.9829091
 [50] 0.9547273 0.9441818 0.9812727 0.9696364 0.9776364 0.9530909 0.8725455
 [57] 0.9798182 0.9652727 0.9832727 0.9023636 0.9412727 0.8932727 0.9338182
 [64] 0.8783636 0.9578182 0.9723636 0.9487273 0.9314545 0.9092727 0.9696364
 [71] 0.9643636 0.9763636 0.9378182 0.9603636 0.9583636 0.9672727 0.9827273
 [78] 0.9650909 0.9643636 0.9630909 0.9416364 0.9112727 0.9281818 0.9774545
 [85] 0.9785455 0.9101818 0.9465455 0.8621818 0.9509091 0.9438182 0.9381818
 [92] 0.8892727 0.9772727 0.9785455 0.9641818 0.9556364 0.9561818 0.9450909
 [99] 0.9907273 0.9934545 0.9845455 0.8925455 0.9434545 0.9860000 0.9200000
[106] 0.9409091 0.9705455 0.9476364 0.8856364 0.9394545 0.9080000 0.9263636
[113] 0.9541818 0.9641818 0.9523636 0.9194545 0.9698182 0.9780000 0.9329091
[120] 0.9069091 0.9774545 0.9718182 0.9749091 0.9081818 0.9480000 0.9792727
[127] 0.9414545 0.9467273 0.9636364 0.9074545 0.9407273 0.9625455 0.9614545
[134] 0.9927273 0.9452727 0.9605455 0.9789091 0.9425455 0.9590909 0.9774545
[141] 0.9445455 0.9392727 0.9134545 0.9823636 0.9170909 0.9712727 0.9656364
[148] 0.9536364 0.9514545 0.9810909 0.9961818 0.9543636 0.8807273 0.9549091
[155] 0.9670909 0.9450909 0.9449091 0.9716364 0.9641818 0.9718182 0.9510909
[162] 0.9792727 0.9463636 0.9823636 0.9632727 0.9518182 0.9709091 0.9836364
[169] 0.9416364 0.9830909 0.9809091 0.9296364 0.9530909 0.9441818 0.9276364
[176] 0.9260000 0.8998182 0.9600000 0.9598182 0.9387273 0.9725455 0.9920000
[183] 0.9705455 0.9938182 0.9169091 0.9721818 0.9160000 0.9296364 0.9489091
[190] 0.9483636 0.9467273 0.9920000 0.9380000 0.9478182 0.9370909 0.9730909
[197] 0.9474545 0.9176364 0.9589091 0.9610909 0.9456364 0.9500000 0.9701818
[204] 0.9607273 0.9267273 0.9378182 0.9647273 0.9921818 0.9321818 0.9549091
[211] 0.9660000 0.9409091 0.9136364 0.8980000 0.9407273 0.9858182 0.9850909
[218] 0.8687273 0.9836364 0.9454545 0.9889091 0.9880000 0.9698182 0.9700000
[225] 0.9487273 0.8934545 0.9390909 0.9894545 0.9240000 0.9632727 0.9654545
[232] 0.9667273 0.9670909 0.9730909 0.9585455 0.9810909 0.9320000 0.9094545
[239] 0.9400000 0.9103636 0.9872727 0.9830909 0.9418182 0.9530909 0.9409091
[246] 0.9505455 0.9281818 0.9387273 0.9798182 0.9429091 0.9123636 0.9872727
[253] 0.9861818 0.9672727 0.9561818 0.9396364 0.9640000 0.9652727 0.9203636
[260] 0.9414545 0.9714545 0.9589091 0.9752727 0.9541818 0.9567273 0.9578182
[267] 0.9756364 0.9790909 0.9845455 0.9329091 0.9449091 0.9480000 0.9623636
[274] 0.9567273 0.9556364 0.9167273 0.9860000 0.9070909 0.9290909 0.9692727
[281] 0.9420000 0.9952727 0.9743636 0.9758182 0.9732727 0.9698182 0.9527273
[288] 0.9590909 0.9400000 0.9523636 0.9527273 0.9787273 0.9438182 0.9840000
[295] 0.9265455 0.9585455 0.9636364 0.9625455 0.9407273 0.9498182 0.9603636
[302] 0.9687273 0.9847273 0.9645455 0.9967273 0.9107273 0.9340000 0.9638182
[309] 0.9325455 0.9714545 0.9769091 0.9745455 0.9130909 0.9572727 0.9809091
[316] 0.9700000 0.8814545 0.9749091 0.9027273 0.9529091 0.9636364 0.9432727
[323] 0.9876364 0.9523636 0.9452727 0.9065455 0.9574545 0.9354545 0.8569091
[330] 0.9554545 0.9632727 0.9492727 0.9350909 0.9554545 0.9803636 0.9790909
[337] 0.9585455 0.9449091 0.9723636 0.9783636 0.9581818 0.9401818 0.9909091
[344] 0.9683636 0.9801818 0.9865455 0.9625455 0.9607273 0.9785455 0.9856364
[351] 0.9298182 0.9796364 0.9380000 0.9205455 0.9389091 0.9565455 0.9676364
[358] 0.9610909 0.9690909 0.9540000 0.9587273 0.9425455 0.9781818 0.9563636
[365] 0.9390909 0.9474545 0.9647273 0.9985455 0.9829091 0.9230909 0.9430909
[372] 0.9438182 0.9829091 0.9590909 0.9454545 0.9803636 0.9576364 0.9825455
[379] 0.9292727 0.9641818 0.9589091 0.9214545 0.9340000 0.8969091 0.9849091
[386] 0.9738182 0.9480000 0.9758182 0.9852727 0.9272727 0.9570909 0.9634545
[393] 0.9503636 0.9601818 0.9660000 0.9452727 0.9670909 0.9801818 0.9403636
[400] 0.9247273 0.9667273 0.9414545 0.9149091 0.9689091 0.9605455 0.9452727
[407] 0.9463636 0.9620000 0.9676364 0.9858182 0.9738182 0.9643636 0.9620000
[414] 0.9530909 0.9683636 0.9820000 0.9903636 0.9536364 0.9529091 0.9456364
[421] 0.9470909 0.9554545 0.9907273 0.9787273 0.9565455 0.9710909 0.9772727
[428] 0.9370909 0.8989091 0.9436364 0.9798182 0.9290909 0.9705455 0.9247273
[435] 0.9565455 0.9638182 0.9614545 0.9732727 0.9483636 0.9385455 0.9576364
[442] 0.9765455 0.9276364 0.9163636 0.9514545 0.9509091 0.9480000 0.9830909
[449] 0.9989091 0.9607273 0.9272727 0.9354545 0.9540000 0.9443636 0.9425455
[456] 0.9267273 0.9612727 0.9149091 0.9292727 0.9525455 0.9856364 0.9294545
[463] 0.9525455 0.9927273 0.9303636 0.9416364 0.9687273 0.9936364 0.9490909
[470] 0.9607273 0.9147273 0.9809091 0.9167273 0.9421818 0.9845455 0.9494545
[477] 0.9681818 0.9472727 0.9583636 0.9345455 0.9650909 0.9781818 0.9643636
[484] 0.9256364 0.9820000 0.9560000 0.9721818 0.9452727 0.9747273 0.9765455
[491] 0.9090909 0.9570909 0.9698182 0.9438182 0.9334545 0.9670909 0.9665455
[498] 0.9763636 0.9434545 0.9809091

$PCD_vals_CXLS
  [1] 0.9481818 0.9667273 0.9750909 0.9865455 0.9618182 0.9481818 0.9572727
  [8] 0.9741818 0.9512727 0.9792727 0.9216364 0.9634545 0.9720000 0.9529091
 [15] 0.9658182 0.9607273 0.9510909 0.8825455 0.9345455 0.9574545 0.9792727
 [22] 0.9512727 0.9516364 0.9480000 0.9592727 0.9629091 0.9436364 0.9300000
 [29] 0.9750909 0.9347273 0.9487273 0.9640000 0.9563636 0.9814545 0.9790909
 [36] 0.9085455 0.9809091 0.9407273 0.9672727 0.9670909 0.9550909 0.9545455
 [43] 0.9674545 0.9856364 0.9929091 0.9576364 0.9781818 0.9283636 0.9756364
 [50] 0.9292727 0.9536364 0.9601818 0.9590909 0.9652727 0.9818182 0.8620000
 [57] 0.9827273 0.9734545 0.9689091 0.9487273 0.9761818 0.9405455 0.9081818
 [64] 0.9025455 0.9376364 0.9727273 0.9236364 0.9632727 0.9074545 0.9863636
 [71] 0.9712727 0.9780000 0.9487273 0.9385455 0.9318182 0.9807273 0.9365455
 [78] 0.9503636 0.9865455 0.9370909 0.9692727 0.9514545 0.9327273 0.9785455
 [85] 0.9610909 0.9610909 0.9552727 0.9416364 0.9570909 0.9705455 0.9703636
 [92] 0.9125455 0.9476364 0.9829091 0.9490909 0.9810909 0.9749091 0.9716364
 [99] 0.9760000 0.9025455 0.9592727 0.9518182 0.9796364 0.9883636 0.9594545
[106] 0.9510909 0.9705455 0.9780000 0.9623636 0.9367273 0.9072727 0.9241818
[113] 0.9629091 0.9767273 0.9667273 0.9492727 0.9574545 0.9627273 0.9474545
[120] 0.9536364 0.9720000 0.9576364 0.9678182 0.9318182 0.9474545 0.9743636
[127] 0.9596364 0.9534545 0.9603636 0.9478182 0.9601818 0.9645455 0.9694545
[134] 0.9650909 0.9256364 0.9381818 0.9818182 0.9503636 0.9634545 0.9783636
[141] 0.9649091 0.9820000 0.9580000 0.9243636 0.9610909 0.9767273 0.9863636
[148] 0.9714545 0.9770909 0.9716364 0.9643636 0.9605455 0.9698182 0.8952727
[155] 0.9798182 0.9578182 0.9603636 0.9552727 0.9530909 0.9600000 0.9360000
[162] 0.9229091 0.9561818 0.9474545 0.9621818 0.9574545 0.9794545 0.9820000
[169] 0.9560000 0.9685455 0.9918182 0.9129091 0.9341818 0.9249091 0.9672727
[176] 0.9614545 0.9216364 0.9609091 0.9630909 0.9316364 0.9560000 0.9025455
[183] 0.9743636 0.9883636 0.9230909 0.9900000 0.9343636 0.9249091 0.9565455
[190] 0.9760000 0.9674545 0.9994545 0.9623636 0.9621818 0.9669091 0.9512727
[197] 0.9792727 0.8643636 0.9074545 0.9430909 0.9447273 0.9689091 0.9570909
[204] 0.9916364 0.9578182 0.9378182 0.9881818 0.9847273 0.9369091 0.9529091
[211] 0.9547273 0.9032727 0.9360000 0.9196364 0.9620000 0.9781818 0.9854545
[218] 0.9240000 0.9136364 0.9592727 0.9929091 0.9532727 0.9700000 0.9803636
[225] 0.9623636 0.9636364 0.9481818 0.9898182 0.9565455 0.9032727 0.9818182
[232] 0.9612727 0.9776364 0.9705455 0.9201818 0.9876364 0.9865455 0.9147273
[239] 0.9805455 0.9925455 0.9927273 0.9869091 0.9756364 0.9614545 0.9665455
[246] 0.9569091 0.9378182 0.9529091 0.9732727 0.9421818 0.9340000 0.9809091
[253] 0.9740000 0.9903636 0.9227273 0.9727273 0.9705455 0.9949091 0.7920000
[260] 0.9387273 0.9705455 0.9652727 0.9925455 0.9736364 0.9512727 0.9465455
[267] 0.9752727 0.9683636 0.9623636 0.9638182 0.9776364 0.9387273 0.9743636
[274] 0.9545455 0.9556364 0.9314545 0.9896364 0.9047273 0.9754545 0.9700000
[281] 0.9798182 0.9940000 0.9669091 0.9712727 0.9592727 0.9558182 0.9583636
[288] 0.9547273 0.9765455 0.9641818 0.9612727 0.9956364 0.9578182 0.9776364
[295] 0.9661818 0.9581818 0.9609091 0.9601818 0.9500000 0.9447273 0.9738182
[302] 0.9632727 0.9707273 0.9521818 0.9832727 0.9318182 0.8985455 0.9918182
[309] 0.9563636 0.9632727 0.9589091 0.9587273 0.9332727 0.9725455 0.9794545
[316] 0.9685455 0.9670909 0.9647273 0.9194545 0.9163636 0.9705455 0.9061818
[323] 0.9174545 0.9160000 0.9883636 0.9229091 0.9070909 0.9265455 0.9072727
[330] 0.9832727 0.9698182 0.9109091 0.9732727 0.9725455 0.9645455 0.9456364
[337] 0.9710909 0.9252727 0.9716364 0.9672727 0.9870909 0.9814545 0.9843636
[344] 0.9396364 0.9594545 0.9847273 0.9745455 0.9561818 0.9432727 0.9400000
[351] 0.9136364 0.9696364 0.9296364 0.9814545 0.9565455 0.9865455 0.9883636
[358] 0.9836364 0.9678182 0.9798182 0.9903636 0.9327273 0.9980000 0.9490909
[365] 0.9196364 0.9489091 0.9592727 0.9941818 0.9736364 0.9569091 0.9672727
[372] 0.9436364 0.9614545 0.9372727 0.9623636 0.9647273 0.9887273 0.9892727
[379] 0.9512727 0.9558182 0.9545455 0.9772727 0.9638182 0.9412727 0.9741818
[386] 0.9869091 0.9590909 0.9921818 0.9854545 0.9258182 0.9769091 0.9510909
[393] 0.9494545 0.9696364 0.9510909 0.9638182 0.9701818 0.9669091 0.9398182
[400] 0.9623636 0.9467273 0.9600000 0.9254545 0.9714545 0.9892727 0.9763636
[407] 0.9436364 0.9638182 0.9661818 0.9878182 0.9909091 0.9658182 0.9809091
[414] 0.8998182 0.9661818 0.9758182 0.9596364 0.9489091 0.9785455 0.9336364
[421] 0.9652727 0.9436364 0.9890909 0.9607273 0.9640000 0.9734545 0.9612727
[428] 0.9240000 0.9218182 0.9776364 0.9650909 0.9585455 0.9521818 0.9721818
[435] 0.9581818 0.9834545 0.9690909 0.9687273 0.9074545 0.9369091 0.9589091
[442] 0.9770909 0.9443636 0.9649091 0.9741818 0.9738182 0.9558182 0.9567273
[449] 0.9770909 0.9534545 0.9630909 0.9270909 0.9361818 0.9261818 0.9481818
[456] 0.9574545 0.9630909 0.9103636 0.9367273 0.9514545 0.9585455 0.9558182
[463] 0.9665455 0.9449091 0.9658182 0.9681818 0.9710909 0.9950909 0.9607273
[470] 0.9816364 0.9723636 0.9845455 0.9345455 0.9823636 0.9770909 0.9925455
[477] 0.9745455 0.9314545 0.9680000 0.9407273 0.9941818 0.9650909 0.9692727
[484] 0.9381818 0.9667273 0.9698182 0.9941818 0.9923636 0.9716364 0.9816364
[491] 0.9245455 0.9723636 0.9761818 0.9407273 0.9521818 0.9790909 0.9621818
[498] 0.9801818 0.9430909 0.9920000

$PCD_vals_oLS
  [1] 0.9581818 0.9603636 0.9270909 0.8045455 0.9527273 0.9660000 0.9412727
  [8] 0.9758182 0.9649091 0.9598182 0.9283636 0.9405455 0.8881818 0.9583636
 [15] 0.9160000 0.9550909 0.9176364 0.7894545 0.9143636 0.9487273 0.9656364
 [22] 0.9063636 0.9250909 0.9674545 0.9120000 0.9830909 0.9218182 0.9492727
 [29] 0.9900000 0.9610909 0.9632727 0.9787273 0.9541818 0.9390909 0.9798182
 [36] 0.9118182 0.9076364 0.9500000 0.9576364 0.9680000 0.9581818 0.9547273
 [43] 0.9025455 0.9289091 0.9705455 0.9376364 0.9674545 0.9200000 0.9387273
 [50] 0.9663636 0.9436364 0.9356364 0.9805455 0.9567273 0.9596364 0.9181818
 [57] 0.9509091 0.9394545 0.9725455 0.9461818 0.9320000 0.8038182 0.7914545
 [64] 0.8609091 0.9389091 0.9474545 0.9154545 0.9669091 0.7450909 0.9238182
 [71] 0.9158182 0.9585455 0.9581818 0.9889091 0.9274545 0.9147273 0.9532727
 [78] 0.9303636 0.9487273 0.9025455 0.9816364 0.8952727 0.8938182 0.9243636
 [85] 0.9089091 0.8609091 0.9134545 0.5192727 0.9121818 0.9349091 0.8610909
 [92] 0.8683636 0.9340000 0.9345455 0.9558182 0.9216364 0.8538182 0.8547273
 [99] 0.9069091 0.9110909 0.9112727 0.9252727 0.9352727 0.9863636 0.9398182
[106] 0.9787273 0.9392727 0.9458182 0.9478182 0.8692727 0.8616364 0.8760000
[113] 0.9841818 0.9583636 0.8952727 0.8600000 0.9694545 0.9496364 0.8829091
[120] 0.9469091 0.9463636 0.9525455 0.9336364 0.9101818 0.9338182 0.9341818
[127] 0.8809091 0.9832727 0.9654545 0.7976364 0.9560000 0.8916364 0.9087273
[134] 0.9718182 0.9472727 0.9723636 0.8961818 0.9336364 0.8954545 0.9767273
[141] 0.9950909 0.8765455 0.9294545 0.8554545 0.8794545 0.9823636 0.9416364
[148] 0.9250909 0.9565455 0.9154545 0.9325455 0.8956364 0.8738182 0.9469091
[155] 0.8789091 0.8734545 0.9260000 0.9438182 0.9138182 0.9370909 0.8187273
[162] 0.5792727 0.9161818 0.9376364 0.9552727 0.9252727 0.9638182 0.9680000
[169] 0.9276364 0.9069091 0.9290909 0.9054545 0.9563636 0.9347273 0.8667273
[176] 0.8107273 0.8780000 0.9747273 0.9690909 0.9407273 0.9480000 0.9054545
[183] 0.9481818 0.9925455 0.9380000 0.8743636 0.9629091 0.9845455 0.9412727
[190] 0.9560000 0.9510909 0.9749091 0.9536364 0.9363636 0.9534545 0.9529091
[197] 0.9800000 0.8021818 0.8836364 0.8747273 0.9949091 0.9614545 0.9120000
[204] 0.9492727 0.9396364 0.9478182 0.9729091 0.9161818 0.9292727 0.9150909
[211] 0.9321818 0.8270909 0.7556364 0.9214545 0.9369091 0.9540000 0.9749091
[218] 0.7776364 0.9341818 0.9745455 0.9340000 0.9363636 0.9267273 0.9398182
[225] 0.9423636 0.8516364 0.9443636 0.9758182 0.8803636 0.8938182 0.9732727
[232] 0.9321818 0.9060000 0.9598182 0.8914545 0.8874545 0.9527273 0.9425455
[239] 0.9240000 0.8034545 0.9410909 0.9405455 0.9840000 0.9192727 0.9247273
[246] 0.9505455 0.9305455 0.9203636 0.9785455 0.9432727 0.7152727 0.9745455
[253] 0.9623636 0.9481818 0.9536364 0.9420000 0.9083636 0.9012727 0.7387273
[260] 0.9121818 0.9743636 0.8892727 0.9636364 0.9583636 0.9492727 0.9310909
[267] 0.9545455 0.9009091 0.9685455 0.9010909 0.9503636 0.9232727 0.9187273
[274] 0.9558182 0.9405455 0.9220000 0.9856364 0.9210909 0.9758182 0.9160000
[281] 0.9336364 0.9909091 0.9747273 0.9623636 0.9152727 0.9870909 0.9727273
[288] 0.9532727 0.9001818 0.9380000 0.8989091 0.9501818 0.9594545 0.9503636
[295] 0.8765455 0.9032727 0.9912727 0.9185455 0.9283636 0.9510909 0.9201818
[302] 0.8998182 0.9625455 0.9325455 0.9325455 0.8343636 0.8705455 0.9690909
[309] 0.9734545 0.9276364 0.9470909 0.8229091 0.7327273 0.9510909 0.9925455
[316] 0.9610909 0.8990909 0.9298182 0.9074545 0.8374545 0.9112727 0.8281818
[323] 0.8321818 0.9530909 0.8861818 0.8838182 0.9003636 0.9085455 0.8020000
[330] 0.8801818 0.9607273 0.9407273 0.9165455 0.7667273 0.9681818 0.9598182
[337] 0.9609091 0.9223636 0.9205455 0.9541818 0.9872727 0.9561818 0.9230909
[344] 0.9194545 0.8821818 0.9894545 0.9449091 0.9634545 0.9256364 0.9272727
[351] 0.9281818 0.9318182 0.8965455 0.9450909 0.9234545 0.9803636 0.9492727
[358] 0.9721818 0.9496364 0.9278182 0.9943636 0.5367273 0.9252727 0.9338182
[365] 0.8547273 0.7990909 0.9463636 0.9600000 0.9710909 0.9232727 0.9810909
[372] 0.8289091 0.9725455 0.9170909 0.8905455 0.8956364 0.9612727 0.9838182
[379] 0.8587273 0.9500000 0.9687273 0.8996364 0.9305455 0.9054545 0.9383636
[386] 0.9905455 0.9641818 0.9218182 0.9640000 0.9585455 0.9109091 0.9158182
[393] 0.9167273 0.9409091 0.9403636 0.9309091 0.9854545 0.9112727 0.9634545
[400] 0.9163636 0.9630909 0.9225455 0.9112727 0.9820000 0.9576364 0.8483636
[407] 0.9290909 0.9549091 0.9798182 0.9550909 0.9623636 0.9796364 0.9040000
[414] 0.9803636 0.9450909 0.9929091 0.9878182 0.8614545 0.9534545 0.9500000
[421] 0.9312727 0.9158182 0.9794545 0.9878182 0.8507273 0.9598182 0.9816364
[428] 0.9349091 0.8227273 0.8796364 0.9163636 0.8980000 0.9700000 0.8685455
[435] 0.9632727 0.9700000 0.8905455 0.9089091 0.9309091 0.9338182 0.9309091
[442] 0.9374545 0.7996364 0.9021818 0.8685455 0.9869091 0.9145455 0.9430909
[449] 0.9047273 0.9521818 0.9720000 0.8687273 0.8841818 0.9354545 0.9752727
[456] 0.9481818 0.9636364 0.9412727 0.7276364 0.9698182 0.9703636 0.9249091
[463] 0.8363636 0.9052727 0.9592727 0.9283636 0.9390909 0.9607273 0.8992727
[470] 0.9474545 0.9087273 0.8916364 0.8638182 0.9309091 0.9021818 0.9414545
[477] 0.9669091 0.8821818 0.8798182 0.8994545 0.9247273 0.9647273 0.9147273
[484] 0.9356364 0.9078182 0.9578182 0.9276364 0.8192727 0.9636364 0.9534545
[491] 0.9034545 0.8629091 0.9687273 0.9707273 0.9312727 0.9558182 0.9556364
[498] 0.9463636 0.9521818 0.9496364

$V_RF
  [1] 0.5529840 0.5596523 0.5532492 0.5582366 0.5616838 0.5606573 0.5593757
  [8] 0.5615560 0.5590157 0.5599831 0.5562501 0.5557350 0.5612415 0.5582762
 [15] 0.5602092 0.5602766 0.5585063 0.5342893 0.5504971 0.5591792 0.5580672
 [22] 0.5566201 0.5543848 0.5586584 0.5579245 0.5559086 0.5602848 0.5423341
 [29] 0.5610670 0.5320031 0.5578083 0.5602565 0.5573130 0.5592521 0.5589151
 [36] 0.5561190 0.5605052 0.5568299 0.5609106 0.5587759 0.5463524 0.5568268
 [43] 0.5600489 0.5607311 0.5611810 0.5541430 0.5540411 0.5384413 0.5613141
 [50] 0.5573410 0.5531485 0.5611347 0.5588994 0.5609629 0.5561344 0.5257241
 [57] 0.5605447 0.5588506 0.5605845 0.5432532 0.5531215 0.5397008 0.5548464
 [64] 0.5335320 0.5584154 0.5600331 0.5540255 0.5489836 0.5402980 0.5604371
 [71] 0.5582881 0.5602039 0.5529705 0.5566485 0.5584980 0.5585356 0.5612053
 [78] 0.5590637 0.5573831 0.5570815 0.5563895 0.5493292 0.5516705 0.5600284
 [85] 0.5603808 0.5462792 0.5545837 0.5232874 0.5564714 0.5539669 0.5546042
 [92] 0.5367020 0.5599198 0.5606455 0.5593124 0.5557256 0.5575001 0.5526932
 [99] 0.5615187 0.5616640 0.5611109 0.5337572 0.5549930 0.5610483 0.5415443
[106] 0.5525032 0.5598422 0.5536881 0.5265050 0.5549893 0.5447998 0.5500363
[113] 0.5555982 0.5587322 0.5558022 0.5505772 0.5594190 0.5607250 0.5531393
[120] 0.5480386 0.5600012 0.5599374 0.5597257 0.5462497 0.5555177 0.5598146
[127] 0.5554194 0.5534499 0.5585344 0.5469456 0.5547512 0.5580950 0.5580487
[134] 0.5616638 0.5527718 0.5569454 0.5604337 0.5545684 0.5592788 0.5605974
[141] 0.5533084 0.5521624 0.5475917 0.5606814 0.5440291 0.5596022 0.5592014
[148] 0.5553823 0.5571262 0.5604854 0.5617580 0.5580423 0.5294124 0.5569198
[155] 0.5582605 0.5559228 0.5545831 0.5600876 0.5589204 0.5592421 0.5558562
[162] 0.5607949 0.5542595 0.5607534 0.5589521 0.5555515 0.5603471 0.5612205
[169] 0.5536438 0.5611040 0.5606626 0.5489619 0.5558528 0.5529746 0.5479055
[176] 0.5508154 0.5393707 0.5583939 0.5584843 0.5523330 0.5605774 0.5616635
[183] 0.5595415 0.5616903 0.5418230 0.5597171 0.5481228 0.5485465 0.5559319
[190] 0.5540562 0.5556529 0.5616326 0.5511898 0.5554630 0.5475008 0.5597465
[197] 0.5556169 0.5458793 0.5586202 0.5584455 0.5541391 0.5580794 0.5602250
[204] 0.5568635 0.5470488 0.5532337 0.5579253 0.5616851 0.5483813 0.5571779
[211] 0.5591196 0.5543762 0.5445639 0.5401716 0.5550304 0.5610849 0.5609976
[218] 0.5230452 0.5607187 0.5545697 0.5614445 0.5614789 0.5591141 0.5593664
[225] 0.5571655 0.5370738 0.5504524 0.5616191 0.5521630 0.5580725 0.5591987
[232] 0.5594043 0.5595466 0.5597823 0.5576099 0.5607582 0.5501804 0.5461000
[239] 0.5534699 0.5419835 0.5614090 0.5611651 0.5535261 0.5536938 0.5537472
[246] 0.5562493 0.5475559 0.5547248 0.5612058 0.5549253 0.5444268 0.5615120
[253] 0.5614220 0.5590306 0.5559269 0.5543880 0.5578423 0.5595663 0.5484078
[260] 0.5539496 0.5595289 0.5584553 0.5598616 0.5582613 0.5566473 0.5569255
[267] 0.5600133 0.5595768 0.5610353 0.5527314 0.5581531 0.5530180 0.5584600
[274] 0.5566442 0.5576659 0.5501653 0.5614269 0.5469374 0.5506107 0.5595866
[281] 0.5516628 0.5617399 0.5600766 0.5595094 0.5602618 0.5590798 0.5558146
[288] 0.5561023 0.5525132 0.5557342 0.5579115 0.5605860 0.5555644 0.5611532
[295] 0.5486343 0.5589044 0.5580061 0.5585805 0.5531812 0.5553735 0.5580432
[302] 0.5590527 0.5609906 0.5593253 0.5617164 0.5395773 0.5511952 0.5578985
[309] 0.5504606 0.5602969 0.5606722 0.5600584 0.5465055 0.5559238 0.5606118
[316] 0.5588278 0.5265681 0.5602989 0.5365660 0.5564501 0.5587899 0.5531105
[323] 0.5614763 0.5555967 0.5539310 0.5359240 0.5569477 0.5525112 0.5293204
[330] 0.5558097 0.5589716 0.5549615 0.5500442 0.5583222 0.5612354 0.5602382
[337] 0.5577388 0.5538752 0.5596710 0.5606569 0.5567805 0.5523441 0.5615411
[344] 0.5588726 0.5609616 0.5610345 0.5583659 0.5572113 0.5605958 0.5610819
[351] 0.5481731 0.5599438 0.5536573 0.5504722 0.5525959 0.5552079 0.5588563
[358] 0.5577818 0.5587757 0.5567357 0.5558802 0.5553072 0.5607437 0.5575698
[365] 0.5521409 0.5553392 0.5581230 0.5617773 0.5610735 0.5485676 0.5540705
[372] 0.5538179 0.5612231 0.5578284 0.5549447 0.5610149 0.5564666 0.5607955
[379] 0.5516125 0.5588643 0.5570886 0.5453424 0.5490688 0.5418267 0.5614194
[386] 0.5603001 0.5537488 0.5607365 0.5611755 0.5469319 0.5586424 0.5581862
[393] 0.5583097 0.5571726 0.5596148 0.5555824 0.5595836 0.5605901 0.5538584
[400] 0.5523779 0.5589727 0.5527505 0.5469937 0.5586419 0.5578083 0.5531511
[407] 0.5515094 0.5588001 0.5589283 0.5612932 0.5600268 0.5586703 0.5586595
[414] 0.5544118 0.5585479 0.5611038 0.5615798 0.5556351 0.5569325 0.5564185
[421] 0.5552664 0.5576182 0.5616099 0.5605966 0.5559711 0.5595128 0.5603066
[428] 0.5512038 0.5438954 0.5540614 0.5608473 0.5528810 0.5592446 0.5452357
[435] 0.5570311 0.5590513 0.5575915 0.5587229 0.5556098 0.5541697 0.5586551
[442] 0.5598971 0.5482343 0.5415226 0.5553896 0.5552163 0.5553951 0.5611324
[449] 0.5617752 0.5583431 0.5491565 0.5504080 0.5562321 0.5528364 0.5520726
[456] 0.5516706 0.5597839 0.5411380 0.5484563 0.5558374 0.5612327 0.5481719
[463] 0.5566372 0.5616867 0.5490489 0.5550318 0.5596937 0.5616681 0.5532229
[470] 0.5581726 0.5423711 0.5608607 0.5433010 0.5555809 0.5614081 0.5553969
[477] 0.5587137 0.5540608 0.5586891 0.5514809 0.5592453 0.5604808 0.5586950
[484] 0.5517344 0.5606503 0.5573597 0.5605235 0.5547534 0.5606638 0.5601673
[491] 0.5473653 0.5550868 0.5603774 0.5521280 0.5528958 0.5587593 0.5600163
[498] 0.5606136 0.5523141 0.5608171

$V_CXLS
  [1] 0.5552016 0.5581973 0.5602454 0.5612335 0.5575923 0.5535172 0.5575991
  [8] 0.5603500 0.5558002 0.5600578 0.5431017 0.5573826 0.5598594 0.5545303
 [15] 0.5596427 0.5569261 0.5570077 0.5189373 0.5524636 0.5579385 0.5608912
 [22] 0.5539802 0.5560779 0.5557996 0.5570519 0.5581305 0.5554234 0.5498171
 [29] 0.5604729 0.5518682 0.5538275 0.5584238 0.5585016 0.5610906 0.5599214
 [36] 0.5426817 0.5608847 0.5544808 0.5593395 0.5600334 0.5567757 0.5570726
 [43] 0.5588602 0.5612484 0.5616519 0.5569303 0.5605385 0.5529055 0.5608018
 [50] 0.5496029 0.5555111 0.5573163 0.5557852 0.5594855 0.5601571 0.5156856
 [57] 0.5608384 0.5599705 0.5598314 0.5556779 0.5605860 0.5548765 0.5432054
 [64] 0.5419920 0.5526269 0.5598262 0.5442713 0.5572182 0.5385662 0.5615094
 [71] 0.5593397 0.5604982 0.5552917 0.5533253 0.5542812 0.5604797 0.5505863
 [78] 0.5558961 0.5613066 0.5513057 0.5596276 0.5580730 0.5482740 0.5601094
 [85] 0.5576683 0.5574469 0.5567958 0.5524677 0.5574424 0.5602417 0.5598164
 [92] 0.5417731 0.5531554 0.5612421 0.5542957 0.5606923 0.5591934 0.5595471
 [99] 0.5603620 0.5368857 0.5581533 0.5566342 0.5603607 0.5611059 0.5568250
[106] 0.5559767 0.5591246 0.5610637 0.5582133 0.5543116 0.5432552 0.5463718
[113] 0.5587870 0.5603211 0.5587375 0.5573617 0.5574559 0.5584885 0.5566542
[120] 0.5576851 0.5589169 0.5577714 0.5590220 0.5528683 0.5552121 0.5602929
[127] 0.5588384 0.5577815 0.5580640 0.5554095 0.5584238 0.5593779 0.5597594
[134] 0.5592681 0.5458755 0.5499903 0.5609930 0.5555616 0.5595985 0.5607462
[141] 0.5592992 0.5610499 0.5567437 0.5470348 0.5586676 0.5599359 0.5612868
[148] 0.5601436 0.5602879 0.5593074 0.5571070 0.5578969 0.5590740 0.5397046
[155] 0.5605868 0.5567341 0.5577520 0.5573466 0.5565399 0.5566910 0.5514090
[162] 0.5504627 0.5565448 0.5529043 0.5588179 0.5576300 0.5608816 0.5612130
[169] 0.5548980 0.5594160 0.5617135 0.5409757 0.5498022 0.5462357 0.5587332
[176] 0.5587794 0.5491496 0.5588413 0.5588814 0.5499772 0.5559700 0.5323242
[183] 0.5603044 0.5613469 0.5447612 0.5614365 0.5505388 0.5465746 0.5585196
[190] 0.5603914 0.5581870 0.5617832 0.5581025 0.5590671 0.5581234 0.5552030
[197] 0.5607327 0.5262371 0.5402608 0.5520117 0.5560620 0.5605471 0.5560950
[204] 0.5616532 0.5570500 0.5505488 0.5615138 0.5610032 0.5525092 0.5571209
[211] 0.5571000 0.5379349 0.5548552 0.5482727 0.5588979 0.5604849 0.5611670
[218] 0.5500982 0.5408811 0.5574192 0.5616125 0.5549394 0.5592032 0.5605366
[225] 0.5579907 0.5576123 0.5537555 0.5614843 0.5572275 0.5366440 0.5608214
[232] 0.5587746 0.5603770 0.5601419 0.5436231 0.5614011 0.5612991 0.5439397
[239] 0.5610658 0.5615446 0.5616562 0.5613984 0.5596920 0.5562636 0.5593141
[246] 0.5575734 0.5525101 0.5558881 0.5599989 0.5553324 0.5516454 0.5610709
[253] 0.5602750 0.5615480 0.5425649 0.5605314 0.5595051 0.5617123 0.4481893
[260] 0.5544929 0.5591926 0.5577903 0.5616549 0.5602427 0.5554666 0.5537987
[267] 0.5601143 0.5578133 0.5581974 0.5582574 0.5607167 0.5492581 0.5602347
[274] 0.5557573 0.5576362 0.5522556 0.5615115 0.5461733 0.5603094 0.5592935
[281] 0.5609323 0.5616493 0.5587224 0.5591596 0.5581273 0.5550946 0.5568224
[288] 0.5546841 0.5603525 0.5574447 0.5589153 0.5617300 0.5575538 0.5606060
[295] 0.5590923 0.5571416 0.5569998 0.5568770 0.5554932 0.5546508 0.5592007
[302] 0.5583837 0.5600812 0.5577228 0.5610229 0.5489617 0.5436595 0.5616372
[309] 0.5571964 0.5584575 0.5561085 0.5562593 0.5468263 0.5595477 0.5605693
[316] 0.5581478 0.5595084 0.5585251 0.5439607 0.5495978 0.5600136 0.5396602
[323] 0.5466561 0.5432257 0.5613209 0.5487026 0.5372285 0.5486004 0.5445862
[330] 0.5607477 0.5591163 0.5470000 0.5599789 0.5602150 0.5587514 0.5540811
[337] 0.5598291 0.5450066 0.5604223 0.5589607 0.5613148 0.5607590 0.5613042
[344] 0.5514926 0.5574817 0.5607404 0.5605166 0.5563077 0.5564097 0.5511944
[351] 0.5408760 0.5597318 0.5487151 0.5610617 0.5570713 0.5612972 0.5614294
[358] 0.5612749 0.5583194 0.5611137 0.5614136 0.5513580 0.5617762 0.5555449
[365] 0.5435725 0.5556222 0.5563093 0.5616912 0.5604862 0.5565947 0.5592244
[372] 0.5543625 0.5586821 0.5521020 0.5587811 0.5590838 0.5613394 0.5615127
[379] 0.5538685 0.5556252 0.5575028 0.5603087 0.5570644 0.5538891 0.5603684
[386] 0.5614512 0.5570585 0.5616726 0.5612069 0.5464735 0.5610633 0.5559023
[393] 0.5566130 0.5588222 0.5569237 0.5587654 0.5595629 0.5597782 0.5531636
[400] 0.5588992 0.5556943 0.5577193 0.5492540 0.5591889 0.5615516 0.5598955
[407] 0.5506448 0.5586683 0.5585106 0.5611507 0.5615732 0.5583303 0.5611435
[414] 0.5438729 0.5583237 0.5604170 0.5576863 0.5545688 0.5602638 0.5498094
[421] 0.5586683 0.5529971 0.5614320 0.5577295 0.5581573 0.5596525 0.5585938
[428] 0.5459515 0.5527040 0.5605564 0.5595605 0.5583730 0.5545933 0.5597444
[435] 0.5560785 0.5609810 0.5588981 0.5598323 0.5455231 0.5522793 0.5588308
[442] 0.5600797 0.5546535 0.5575641 0.5599665 0.5599790 0.5574843 0.5564427
[449] 0.5605465 0.5567970 0.5591578 0.5468583 0.5547389 0.5467894 0.5532558
[456] 0.5569547 0.5595504 0.5401092 0.5516385 0.5551081 0.5580394 0.5580560
[463] 0.5596720 0.5526271 0.5602937 0.5599464 0.5603546 0.5617064 0.5559469
[470] 0.5611022 0.5602113 0.5612827 0.5487006 0.5608058 0.5609330 0.5616258
[477] 0.5600984 0.5495406 0.5596273 0.5547783 0.5617256 0.5577821 0.5592458
[484] 0.5554106 0.5591874 0.5594693 0.5616867 0.5616786 0.5605569 0.5609080
[491] 0.5511182 0.5593148 0.5609294 0.5520349 0.5576876 0.5603274 0.5591926
[498] 0.5609503 0.5520636 0.5614462

$V_OLS
  [1] 0.55828559 0.55818977 0.54707811 0.46496200 0.55571005 0.55813947
  [7] 0.55503839 0.56055634 0.55812508 0.55708991 0.54728624 0.55216114
 [13] 0.52636956 0.55707243 0.54401291 0.55560615 0.54680124 0.45435058
 [19] 0.55098763 0.55544269 0.55854550 0.54489130 0.54921606 0.55966072
 [25] 0.54042669 0.56086102 0.54667419 0.55652479 0.56149907 0.55862645
 [31] 0.55925808 0.56040153 0.55854117 0.55157855 0.55989998 0.54249768
 [37] 0.53833210 0.55466309 0.55705896 0.55942375 0.55594459 0.55597902
 [43] 0.54399365 0.55032780 0.55897379 0.55535311 0.55966995 0.55005993
 [49] 0.55123899 0.55930743 0.55308254 0.54833255 0.56084827 0.55717311
 [55] 0.55658851 0.55081006 0.55719257 0.55160831 0.55912573 0.55648285
 [61] 0.54640717 0.48386690 0.47475178 0.52080209 0.55307757 0.55456964
 [67] 0.54205162 0.55861005 0.42932931 0.54902133 0.54377202 0.55718528
 [73] 0.55745026 0.56129414 0.54605888 0.54182451 0.55798494 0.55017943
 [79] 0.55353504 0.53352320 0.56090840 0.54289861 0.53021880 0.54563252
 [85] 0.53889786 0.51540217 0.54399969 0.05846154 0.54881225 0.55213354
 [91] 0.51629684 0.52536986 0.55447751 0.55100100 0.55597217 0.54386036
 [97] 0.49826402 0.49825282 0.54234278 0.54178268 0.54099942 0.55207493
[103] 0.55412939 0.56113668 0.55375444 0.56073306 0.55437318 0.55351647
[109] 0.55458478 0.52779876 0.51071294 0.52095670 0.56137176 0.55666220
[115] 0.54025870 0.52762891 0.56049396 0.55696653 0.53700138 0.55684458
[121] 0.55305676 0.55543855 0.54859552 0.53937132 0.55000935 0.55497020
[127] 0.52601949 0.56133193 0.55896214 0.48624036 0.55704696 0.54028046
[133] 0.53936263 0.56055026 0.55350698 0.55977844 0.53980606 0.55050597
[139] 0.54432292 0.56049082 0.56167719 0.51810885 0.55004733 0.50869148
[145] 0.52250123 0.56075992 0.55544860 0.54986613 0.55572338 0.54093130
[151] 0.55304773 0.52767062 0.51963413 0.55574226 0.52948380 0.53204962
[157] 0.54996823 0.55510152 0.54869751 0.55020390 0.48181115 0.19709192
[163] 0.54134515 0.55378944 0.55639432 0.54618876 0.55902805 0.55909516
[169] 0.54723115 0.53763915 0.55028486 0.53695394 0.55877399 0.55001265
[175] 0.51245769 0.48973811 0.53258328 0.55974566 0.55976734 0.55489007
[181] 0.55299752 0.53409556 0.55470401 0.56158595 0.55029917 0.53622806
[187] 0.55879052 0.56124903 0.55380569 0.55668911 0.55700307 0.55963542
[193] 0.55498856 0.55454535 0.55466355 0.55798757 0.56067894 0.48892507
[199] 0.52910218 0.51613362 0.56169598 0.55906101 0.53773107 0.55384223
[205] 0.55557027 0.55430919 0.55968522 0.54220826 0.54902927 0.54914010
[211] 0.55034138 0.49450305 0.45595372 0.54892444 0.55296665 0.55747933
[217] 0.56052847 0.45431097 0.54914158 0.56069759 0.55272939 0.55157313
[223] 0.54505286 0.55128772 0.55265944 0.51053514 0.55198744 0.56045123
[229] 0.52344462 0.52589318 0.56027082 0.54976688 0.53828976 0.55756326
[235] 0.52934245 0.52809698 0.55556657 0.55517021 0.55241450 0.48320332
[241] 0.55415721 0.55022084 0.56127333 0.54162182 0.54948998 0.55396353
[247] 0.55312383 0.54896905 0.56115062 0.55450892 0.37098409 0.56042860
[253] 0.55867644 0.55440063 0.55491683 0.55354391 0.53568466 0.54442643
[259] 0.37991577 0.54399484 0.56061374 0.53130425 0.55849324 0.55729832
[265] 0.55340260 0.54748285 0.55609723 0.53445306 0.55774357 0.54059054
[271] 0.55666075 0.54326341 0.54471380 0.55651198 0.55427966 0.55180298
[277] 0.56128029 0.54762497 0.56067991 0.54522686 0.55220964 0.56151664
[283] 0.56011134 0.55733710 0.54422520 0.56146418 0.56045571 0.55473563
[289] 0.53302946 0.55049925 0.53912512 0.55614081 0.55693591 0.55434675
[295] 0.52579007 0.54011438 0.56128218 0.54445129 0.55230652 0.55619686
[301] 0.54234113 0.53667630 0.55777124 0.55099090 0.54859940 0.49035676
[307] 0.51885690 0.55992003 0.56084278 0.55360294 0.55461538 0.47839975
[313] 0.42329337 0.55438072 0.56165610 0.55664515 0.53673964 0.54907618
[319] 0.54397290 0.51299354 0.53961911 0.48507657 0.49426474 0.55535437
[325] 0.54117512 0.53047878 0.53400338 0.54096640 0.47240649 0.52037804
[331] 0.55837796 0.54981767 0.54464036 0.41585256 0.55938554 0.55714470
[337] 0.55731499 0.54467106 0.54633528 0.55670064 0.56142061 0.55885934
[343] 0.55198406 0.54330409 0.52448603 0.56138088 0.55589312 0.55767042
[349] 0.55201997 0.54689841 0.54677696 0.54991145 0.53859880 0.55570873
[355] 0.54724907 0.56073712 0.55639779 0.55978452 0.55457893 0.54971684
[361] 0.56166697 0.09683281 0.55219401 0.54988622 0.50011943 0.46701502
[367] 0.55243015 0.55662876 0.56010756 0.54937810 0.56091840 0.50326751
[373] 0.55990242 0.54333750 0.53870704 0.53241201 0.55909572 0.56109021
[379] 0.50477071 0.55485102 0.55898618 0.53490756 0.54575349 0.54345981
[385] 0.55389968 0.56156570 0.55736764 0.54702736 0.55874006 0.55740047
[391] 0.54449296 0.54962909 0.54524578 0.55360168 0.55199249 0.55308658
[397] 0.56131316 0.54739578 0.55775425 0.54933917 0.55832243 0.54581014
[403] 0.54093113 0.56085399 0.55623242 0.49652148 0.54559625 0.55700598
[409] 0.56055866 0.55731410 0.55869470 0.56099928 0.54505133 0.56077471
[415] 0.55343877 0.56163160 0.56142005 0.51225737 0.55510582 0.55493053
[421] 0.55462578 0.54683222 0.56058661 0.56131027 0.50779302 0.55862024
[427] 0.56056184 0.55006815 0.49378054 0.53657586 0.54876471 0.54389995
[433] 0.55892366 0.52045240 0.55746675 0.55928715 0.53680925 0.54522906
[439] 0.55226341 0.55366206 0.54931018 0.55363135 0.46739304 0.53906590
[445] 0.52301188 0.56137531 0.54145583 0.55338524 0.53830845 0.55493463
[451] 0.55976958 0.51687956 0.53109530 0.54906037 0.56029510 0.55690388
[457] 0.55913206 0.55382247 0.41364626 0.55953759 0.55835617 0.55020466
[463] 0.49302383 0.53526358 0.55819605 0.55163183 0.55026220 0.55712312
[469] 0.53039343 0.55557653 0.54334444 0.53744310 0.50722473 0.55010661
[475] 0.53544203 0.55520769 0.55835343 0.53299056 0.53090010 0.54153157
[481] 0.54549514 0.55786329 0.54670148 0.55421260 0.54362286 0.55799956
[487] 0.54822676 0.48175547 0.55780376 0.55606980 0.53788393 0.50273016
[493] 0.55916984 0.55864841 0.55055301 0.55647259 0.55612076 0.55394664
[499] 0.55503043 0.55564910

$Beta_CX
                [,1]      [,2]      [,3]
  [1,] -8.717437e-02 0.8866100 1.1811128
  [2,]  5.798096e-02 0.9867580 1.2211664
  [3,]  8.960871e-03 0.8232385 0.9532392
  [4,]  4.912507e-02 0.8302739 0.8553763
  [5,]  5.770413e-03 0.9308779 1.1873330
  [6,] -5.333135e-02 0.7934582 1.1133920
  [7,] -1.290056e-01 0.8743395 1.0170120
  [8,]  9.579448e-02 0.9958839 1.0483915
  [9,] -1.188783e-01 1.2210006 0.9513475
 [10,]  4.836378e-02 0.7924494 0.9049993
 [11,]  1.162627e-01 0.6502990 1.0767880
 [12,] -1.012688e-01 1.0176676 1.2661128
 [13,] -4.678746e-02 0.9037273 1.0502120
 [14,]  8.775556e-02 0.8969761 1.2151607
 [15,]  1.112475e-01 0.9343755 0.9912278
 [16,]  5.305853e-02 0.9371819 1.2085553
 [17,] -1.950886e-01 1.1259725 1.0583293
 [18,]  9.772979e-02 0.8964285 0.3843274
 [19,]  1.666291e-01 0.8391259 1.1082634
 [20,]  1.469130e-01 0.9257214 1.0164582
 [21,] -8.225702e-02 1.0511421 1.0375782
 [22,] -8.910534e-02 0.6932337 0.9354593
 [23,] -1.254265e-01 0.8767985 1.0967236
 [24,] -8.360464e-02 1.0227247 0.7859184
 [25,]  3.671066e-02 0.7544540 0.5884487
 [26,] -8.468699e-02 0.9197734 1.1198261
 [27,]  1.686433e-01 0.8694651 1.0267872
 [28,] -2.410188e-01 0.8480397 1.0450518
 [29,]  2.334568e-02 1.2823814 1.1236817
 [30,]  1.017940e-01 1.2345554 0.8649676
 [31,]  1.572191e-01 1.2776130 0.9695811
 [32,] -9.965809e-02 1.3334741 1.1075132
 [33,]  1.598067e-01 1.1461630 1.0734422
 [34,] -6.702971e-02 1.0306094 1.0738856
 [35,]  8.665698e-02 1.0325578 0.9330371
 [36,]  3.200172e-01 0.9067948 1.2650046
 [37,] -2.145427e-03 1.1547906 1.0324881
 [38,]  1.911724e-01 0.9671397 0.8520720
 [39,]  9.605851e-03 1.1067460 0.9194596
 [40,]  1.112513e-01 1.0893941 1.1721215
 [41,]  8.625967e-02 0.6570265 0.8109338
 [42,] -1.936519e-01 1.1987854 1.0870050
 [43,] -6.516359e-02 1.2212682 1.0132341
 [44,] -2.253248e-02 0.9722529 0.8975526
 [45,]  1.114247e-02 1.0141785 0.9747232
 [46,]  1.347122e-01 0.9029789 1.0802111
 [47,]  3.608574e-02 0.9440318 1.0659145
 [48,] -2.596363e-01 1.0159691 1.1225894
 [49,] -8.168699e-02 0.9943212 0.9815395
 [50,] -2.457727e-01 1.0034511 0.8368046
 [51,] -2.669673e-02 0.7225063 0.9743765
 [52,] -7.771067e-02 1.1927562 0.9468629
 [53,]  5.302599e-02 0.8030663 1.0670173
 [54,]  1.217775e-01 1.0276096 0.9749938
 [55,] -2.419586e-02 0.8639111 1.0007287
 [56,]  3.714308e-01 0.6550751 1.3169149
 [57,] -4.341969e-02 1.0826359 1.1979417
 [58,]  9.736880e-02 1.0514453 0.9690064
 [59,] -1.171960e-01 1.0599373 1.0136121
 [60,]  1.762632e-01 0.9946278 0.8765493
 [61,]  9.632853e-02 1.0472942 1.0605421
 [62,] -1.946868e-01 0.8651166 0.9128551
 [63,] -2.917841e-01 0.8195944 1.1087303
 [64,] -2.576152e-01 0.7897780 0.6559367
 [65,]  4.402049e-02 0.7311332 1.0499719
 [66,]  8.487409e-03 1.0598247 0.8983056
 [67,]  5.642307e-02 0.6308824 1.0534205
 [68,] -3.383095e-04 0.8981567 1.1592314
 [69,] -5.307286e-02 1.2273616 0.6708577
 [70,]  4.771605e-02 1.0891126 1.0981135
 [71,]  1.834584e-02 0.8278686 0.9946965
 [72,] -4.654647e-02 1.1538006 1.3052046
 [73,]  1.120090e-01 0.8428321 1.0927799
 [74,] -1.618770e-01 0.6497467 0.6778986
 [75,] -1.970815e-01 0.8538252 0.8537128
 [76,] -5.742577e-02 0.8397357 0.9273123
 [77,]  4.212398e-02 1.0384548 0.6948805
 [78,]  8.867635e-02 1.0525800 0.8131047
 [79,]  5.443295e-02 1.2322152 1.3009191
 [80,] -1.908124e-01 0.8837815 1.1820816
 [81,]  1.209389e-01 1.1771762 1.3094718
 [82,]  1.640253e-01 1.0331199 1.1147294
 [83,] -9.968035e-02 0.8913207 0.5929671
 [84,]  2.656809e-02 1.3079003 1.1258899
 [85,]  4.993592e-02 1.1416979 0.9050382
 [86,] -1.284313e-01 0.9638753 0.8330368
 [87,]  1.614264e-01 1.0524672 1.2589244
 [88,]  1.097160e-01 0.4998923 0.6398070
 [89,]  1.028240e-01 1.1253123 0.9173918
 [90,]  9.964254e-02 0.9899060 0.9626384
 [91,] -9.579264e-02 1.0671862 0.9656772
 [92,]  3.276737e-01 1.1260228 0.8554279
 [93,] -9.491799e-02 0.8607994 0.6333932
 [94,]  6.700740e-02 1.0861648 1.0900651
 [95,]  6.612027e-02 0.9214204 1.2690749
 [96,]  1.377747e-02 1.0002801 0.8852554
 [97,] -2.660329e-02 0.9960108 0.8264025
 [98,]  8.075690e-02 0.7528463 0.8348767
 [99,] -8.075352e-02 0.8048595 0.8050191
[100,]  2.927422e-01 0.9867440 1.7035177
[101,] -7.963369e-02 0.7302496 0.8741765
[102,] -1.473617e-01 0.9402819 1.1310019
[103,]  1.980454e-03 0.8729800 0.7581491
[104,] -4.659653e-02 1.1227824 1.2151466
[105,]  1.896761e-01 1.3625573 1.1623719
[106,]  8.435869e-02 0.8334072 1.0832472
[107,]  7.435554e-04 0.9762080 1.1855255
[108,] -9.483264e-02 1.3275895 1.3292251
[109,] -1.113179e-01 1.0144015 1.2100070
[110,] -2.246039e-01 0.9865686 0.9686479
[111,]  2.400114e-01 0.8052747 0.6432628
[112,]  3.128452e-01 1.4316782 1.0447067
[113,] -3.251304e-02 0.9555078 0.7827330
[114,]  9.642813e-02 1.0715913 1.0125883
[115,]  8.510773e-04 1.2527448 1.0175777
[116,] -1.841067e-01 1.0365754 1.0569810
[117,] -1.422669e-02 0.9306859 1.1928349
[118,]  3.244214e-03 1.0909096 0.8787766
[119,]  1.853622e-01 0.9882028 0.9634308
[120,] -1.126613e-01 0.8164455 0.7210197
[121,] -6.815872e-02 1.1776189 0.9823228
[122,] -1.502973e-01 0.9251272 1.0190083
[123,]  1.034731e-01 1.1520494 0.9983129
[124,] -2.274101e-01 0.8866672 0.9625216
[125,] -1.196710e-01 0.7857004 0.6455922
[126,]  9.017202e-02 0.8996363 0.8804097
[127,]  1.558029e-01 1.0883118 1.0783806
[128,]  1.637118e-01 1.0769968 0.9943560
[129,] -1.505776e-01 1.1276444 1.0064350
[130,] -1.347857e-01 0.8133663 1.0138977
[131,] -1.095887e-01 0.9411366 0.8262907
[132,] -1.495914e-01 1.1700518 1.2353013
[133,] -8.286630e-02 0.9704312 0.8686520
[134,]  1.049699e-01 0.9712589 0.8809413
[135,]  8.395577e-02 0.7356216 1.1866547
[136,]  4.804131e-02 0.5814770 0.8754767
[137,] -3.235612e-02 1.1482751 1.0424638
[138,]  1.423837e-01 0.9699592 1.2299342
[139,]  1.266500e-01 1.0523343 1.1165707
[140,]  7.589950e-02 0.9165221 0.9532028
[141,]  1.146909e-01 1.0275584 0.9419783
[142,] -4.862268e-02 1.0779138 1.1676498
[143,] -6.331204e-02 1.3014627 1.0055496
[144,]  1.095580e-01 0.7783118 1.2173431
[145,] -1.343388e-01 1.0326685 0.9474847
[146,] -2.363281e-03 0.8085395 0.9507161
[147,]  1.201040e-02 1.1239003 1.0353952
[148,] -1.257117e-01 1.1798542 1.2222462
[149,]  1.005456e-01 1.0529222 1.1216783
[150,]  7.126370e-02 0.8212249 0.9517358
[151,] -4.987552e-02 0.7524907 0.9627656
[152,] -7.079951e-02 0.8744170 1.0822666
[153,] -9.286376e-02 0.9496994 1.1031615
[154,]  3.869141e-01 1.0122389 0.9458750
[155,]  4.061382e-02 1.2385639 1.0993764
[156,] -7.886969e-02 0.6997499 0.8807987
[157,] -2.736022e-02 1.0989300 1.3952727
[158,] -8.898574e-02 0.8718650 1.0839908
[159,] -7.493428e-02 1.0678689 0.8308740
[160,] -7.404195e-03 1.2947522 0.9891254
[161,] -2.210751e-01 0.8252507 0.9811026
[162,] -7.059125e-02 0.2572317 0.2432414
[163,] -1.017479e-01 1.0522719 1.3477407
[164,] -9.131719e-02 0.6720811 0.9270293
[165,] -1.485261e-01 1.0286418 1.0293474
[166,] -1.017127e-01 1.1185522 1.3884750
[167,]  8.185331e-02 1.2420126 1.1708282
[168,]  7.165667e-02 1.1481273 1.1351528
[169,] -1.378305e-02 1.1294447 1.5506872
[170,]  6.169691e-02 0.9637814 1.1329601
[171,]  1.825471e-02 0.9232024 0.9109632
[172,] -1.946065e-03 0.9573686 0.5396276
[173,] -8.788714e-03 0.6292732 0.9611427
[174,] -1.467144e-01 1.0987203 0.7175655
[175,] -4.547614e-02 0.7633758 0.9268742
[176,]  1.500323e-01 1.0349761 1.0303144
[177,] -3.008649e-01 0.9880907 1.0166808
[178,]  1.548752e-01 1.1127570 1.1991794
[179,]  1.516758e-01 1.1648159 1.0907682
[180,] -1.971453e-01 0.8801048 1.2126477
[181,]  1.229055e-01 1.0566635 1.3601327
[182,]  9.943332e-02 1.0300391 0.5254922
[183,] -5.609299e-02 1.0031427 0.8916203
[184,] -5.701643e-02 1.3219860 1.2596866
[185,]  4.489644e-02 1.0360187 0.6240795
[186,] -1.269020e-02 0.9969819 0.9316767
[187,] -2.004457e-01 1.0722565 0.8171636
[188,] -1.798707e-01 1.1157886 0.7548040
[189,] -1.386993e-01 0.9157417 0.9600492
[190,] -3.402941e-02 1.0131448 1.1571621
[191,]  6.063662e-02 0.7518284 0.9190309
[192,] -1.347006e-03 1.1503772 1.1487409
[193,] -1.263671e-01 0.8841273 1.0074209
[194,]  1.437094e-01 1.0945096 1.1858273
[195,]  1.006551e-01 0.9413298 1.1274303
[196,] -2.619247e-02 1.2829220 0.9441702
[197,] -7.829500e-02 1.1493096 1.0733062
[198,] -3.505215e-01 0.7730077 0.6410107
[199,] -8.397516e-02 1.4990510 0.8440146
[200,]  1.056581e-01 0.7715138 1.0882820
[201,] -1.446624e-01 0.7256366 0.7155127
[202,]  1.077833e-01 1.1735931 1.1558419
[203,]  2.188033e-02 0.8635870 1.1488875
[204,] -2.513979e-03 0.9287211 0.8897611
[205,] -1.045726e-01 0.9389293 0.7727994
[206,]  1.249241e-01 0.7214379 1.0281907
[207,]  2.750328e-02 0.7563567 0.7320580
[208,]  1.011795e-02 0.9637871 0.8691908
[209,]  9.003320e-02 1.1064332 0.7853615
[210,] -1.523032e-01 0.9243453 0.8488173
[211,]  1.214741e-01 1.1151465 1.3890789
[212,] -2.611041e-01 0.6397763 0.9233148
[213,]  1.755945e-01 0.7818439 0.8123678
[214,] -2.970673e-01 1.0396080 0.9312002
[215,]  1.553908e-01 1.2161756 1.1308407
[216,] -5.254680e-02 1.2251981 1.0871822
[217,]  4.109805e-02 1.1176592 1.0368628
[218,] -2.280814e-01 0.7986722 0.7811482
[219,] -2.275117e-03 0.8556181 0.4816406
[220,]  1.502716e-01 1.0352357 1.2181298
[221,]  2.533061e-02 0.9624838 0.9949422
[222,] -4.425041e-02 0.6307699 0.8556104
[223,]  6.080705e-02 0.9646533 0.8182465
[224,] -6.368901e-02 0.8202636 0.8885179
[225,]  1.544915e-01 1.2274308 1.4451780
[226,] -7.393325e-02 0.7923921 0.6510375
[227,]  4.532438e-02 0.7784971 1.0903485
[228,]  6.509851e-03 0.9316729 0.8737528
[229,]  1.458830e-01 0.9944920 1.1782024
[230,]  1.113168e-01 0.6920553 1.2821920
[231,]  4.221927e-02 1.1653584 1.2943188
[232,] -1.396378e-01 0.9570907 0.9811658
[233,]  1.057644e-01 1.2402144 1.1633390
[234,] -1.196707e-01 1.2794787 1.1974758
[235,] -9.161025e-04 1.0776504 0.6331818
[236,] -4.187462e-02 0.9861971 1.0310744
[237,] -4.343759e-02 0.8733032 0.9146663
[238,]  3.049091e-01 1.2331298 0.8995650
[239,] -6.732963e-02 0.9427398 0.9503492
[240,] -2.234762e-02 0.8170668 0.8534713
[241,] -1.372927e-02 0.9943367 1.0318922
[242,]  5.397746e-02 1.0507603 1.0649586
[243,] -2.217946e-02 1.1091244 0.9366672
[244,]  1.927636e-02 1.2386597 0.9366012
[245,] -1.201998e-01 1.0032146 0.9395399
[246,]  1.739709e-01 1.0610592 1.0054741
[247,]  1.944399e-01 1.0303826 0.8319221
[248,] -1.263130e-01 0.7304580 0.8832728
[249,] -3.013688e-02 1.0449390 0.8969088
[250,] -1.559101e-01 0.7806381 0.7224440
[251,]  2.123805e-01 0.9370763 0.7981232
[252,]  6.817140e-02 1.0262891 0.9964148
[253,] -2.099823e-02 1.0836756 1.2513171
[254,] -2.543110e-02 1.0959351 1.0456638
[255,]  9.820128e-02 1.3126160 0.7722422
[256,]  8.707756e-02 1.0174717 0.9707239
[257,] -9.172164e-02 0.8763405 0.9820142
[258,] -4.592339e-03 1.0664006 1.0998544
[259,]  3.768874e-01 1.0970183 0.2476334
[260,]  2.123225e-01 0.9538242 1.0897834
[261,] -9.220667e-02 1.3582742 1.1562041
[262,] -4.680018e-02 0.8213161 1.0317617
[263,]  2.485859e-02 0.9422079 0.9237110
[264,]  8.113008e-02 0.8931590 0.8395690
[265,]  1.011563e-01 0.8586280 1.1199267
[266,]  1.412515e-01 1.0644915 0.8167127
[267,]  3.119267e-02 1.0096516 1.1700770
[268,]  5.015619e-02 1.2371964 0.9837657
[269,] -7.506998e-02 1.0065952 1.2366474
[270,] -1.077498e-01 1.0833780 1.3033320
[271,] -2.376403e-02 1.0304694 1.1596137
[272,]  1.284308e-01 1.0299402 0.7063337
[273,] -1.024226e-01 1.1971949 1.1081891
[274,] -1.536466e-01 1.2520161 1.0016322
[275,] -1.492414e-01 0.9416579 1.0643276
[276,]  2.593474e-01 1.1363636 0.9937866
[277,] -4.218384e-02 1.1074419 1.1426372
[278,] -2.860594e-01 0.8384848 0.8721473
[279,] -1.039118e-01 1.0724382 1.1331464
[280,] -1.334321e-02 1.1259726 0.9343706
[281,] -7.084765e-02 1.0509961 1.1131079
[282,] -1.391681e-02 0.8373677 0.8681457
[283,] -9.503560e-02 1.3466273 1.6261908
[284,] -9.072256e-02 1.1778301 1.0106240
[285,]  1.271130e-01 1.0467368 0.9150391
[286,]  1.460427e-01 1.0896535 1.4199663
[287,] -3.380426e-02 0.7843518 1.0194810
[288,]  2.483782e-02 1.1291052 0.8210815
[289,] -4.867926e-02 0.9735477 1.1037969
[290,]  4.164861e-02 1.3603717 1.0657109
[291,] -1.285892e-01 0.9218597 0.9815304
[292,] -2.970949e-03 0.9495053 0.9756290
[293,] -1.380882e-01 1.0088971 1.1988972
[294,] -5.250247e-02 0.6900835 0.7443346
[295,] -7.754524e-02 1.0025398 0.8579993
[296,]  9.439737e-02 0.8576187 0.7074684
[297,]  7.123488e-02 0.8748173 1.1143016
[298,]  4.055721e-02 1.0800306 0.8343100
[299,] -4.094783e-02 0.7217002 0.9687719
[300,]  1.189549e-01 1.2859708 0.9672274
[301,]  1.002368e-01 1.2061792 1.0448204
[302,] -2.744370e-02 0.7282744 0.5889218
[303,] -1.032212e-01 0.9779880 0.9489006
[304,] -1.669422e-01 0.9837050 1.0341981
[305,]  3.599294e-02 1.1874617 1.3053211
[306,] -1.829414e-01 0.6368029 0.8120085
[307,] -2.824110e-01 0.7659238 0.7966553
[308,] -3.118057e-02 0.9968223 1.0067767
[309,]  1.488160e-01 0.9830158 1.1572261
[310,]  1.105445e-01 0.9821815 0.8588658
[311,]  8.472213e-02 1.0454858 0.8104763
[312,] -9.981528e-02 0.9039791 0.7237265
[313,]  1.244704e-01 0.7642675 0.5206020
[314,]  7.516896e-02 0.9490364 0.8330563
[315,]  7.616232e-02 0.9153105 0.9760828
[316,] -5.218197e-03 0.9935302 1.2466953
[317,]  7.946112e-03 1.0452854 0.8740829
[318,] -9.414331e-02 0.7955185 0.7046108
[319,] -2.699870e-01 1.0505787 0.7813070
[320,] -2.447377e-01 0.8160477 0.8487153
[321,]  4.228262e-02 0.9214516 1.0652772
[322,]  7.915595e-02 1.0045716 1.8112110
[323,]  1.140106e-01 1.2674281 0.8063664
[324,] -6.792618e-03 1.2378005 0.7227455
[325,]  3.788888e-02 1.1134854 1.1893516
[326,] -2.906966e-01 0.9249580 1.0139589
[327,]  6.685818e-02 0.7698103 1.4365100
[328,] -1.186446e-01 0.7269815 1.0884365
[329,] -2.644878e-01 0.9720822 0.7546150
[330,]  2.629618e-02 0.7922155 0.8854667
[331,] -5.706749e-02 0.8477439 1.0090335
[332,] -2.882840e-01 0.9388090 0.8618443
[333,]  1.311750e-01 1.3408620 1.2512522
[334,]  6.680122e-02 0.7271016 0.6832528
[335,] -3.741665e-02 0.9520148 0.7804964
[336,] -5.564328e-02 1.1931615 0.8609334
[337,] -1.330599e-01 1.1695225 1.2366740
[338,] -7.101808e-02 0.5357298 0.8708701
[339,] -7.738622e-02 0.8079808 0.7914302
[340,]  6.576929e-02 1.2824705 1.0675505
[341,]  1.244222e-02 1.0574601 1.1446588
[342,]  1.960014e-02 0.9100870 1.0217979
[343,]  4.697667e-02 0.9235893 0.8916478
[344,]  1.231107e-01 0.7713304 1.0849294
[345,] -1.200861e-01 1.1015798 0.9180911
[346,] -3.299466e-02 0.9493719 0.8511955
[347,] -8.386637e-02 0.9403905 0.9910624
[348,]  1.904607e-01 1.1787644 1.4221683
[349,] -2.392032e-01 1.2146879 1.2742457
[350,] -1.032555e-03 0.9075227 1.3503531
[351,]  9.379180e-03 0.6013004 1.0683794
[352,] -1.426450e-01 1.2064777 1.2673296
[353,] -1.068296e-01 1.2037957 0.7943383
[354,]  4.491568e-02 0.9819944 1.0622821
[355,]  1.305677e-01 1.1439773 0.9461914
[356,] -1.718655e-02 0.8265819 0.8929587
[357,]  3.742835e-02 0.7735502 0.7892128
[358,]  6.204019e-02 1.0423774 1.0535201
[359,]  2.604588e-02 1.0086631 1.2558574
[360,]  6.492941e-02 0.9674834 0.9532610
[361,]  1.819273e-02 1.0590803 1.1340504
[362,] -1.462495e-01 0.5291001 0.6006836
[363,]  7.544568e-03 1.1347392 1.1399582
[364,] -1.915353e-01 1.2614502 1.0470922
[365,] -1.419821e-01 1.0961445 0.6809931
[366,]  1.344918e-01 0.8558987 1.0701968
[367,] -1.957356e-02 0.9234252 1.2216057
[368,] -8.018187e-03 0.9432348 0.9757519
[369,] -9.336981e-02 1.0628314 1.1293725
[370,] -1.284808e-01 0.8629086 1.0513780
[371,]  9.876184e-02 0.9859439 1.1292915
[372,]  1.507437e-01 0.8329378 0.7023070
[373,] -1.341929e-01 1.0165828 0.9390505
[374,] -8.591477e-05 0.8768040 1.2813602
[375,] -9.599280e-02 0.8394541 0.7478182
[376,] -8.330381e-02 0.6673581 0.7388227
[377,] -8.698869e-03 1.1498418 1.0627529
[378,] -1.494544e-02 1.0232361 0.9652961
[379,]  8.387184e-02 1.2549936 0.9108171
[380,]  1.315084e-01 0.9669153 1.2371834
[381,]  1.613593e-01 0.9196495 0.9558183
[382,]  7.047770e-02 0.9462189 0.8632336
[383,] -8.709218e-02 0.8043957 1.0050697
[384,]  1.724656e-01 0.8506002 1.0607876
[385,]  9.598816e-02 1.1218180 1.0523524
[386,] -3.132671e-02 0.9626562 0.9155310
[387,]  1.495855e-01 1.0276377 1.2292202
[388,]  1.247554e-02 1.2521528 1.3000392
[389,] -6.098257e-02 1.0421482 1.0844627
[390,] -1.014288e-01 1.0872676 0.6909491
[391,] -7.930571e-02 1.1189907 1.1114324
[392,]  1.646895e-01 1.0213928 1.2545734
[393,] -1.445706e-01 1.0014466 0.8530267
[394,] -5.126664e-02 0.8202748 0.9910681
[395,]  1.402350e-01 0.7529713 0.8031410
[396,] -1.412941e-01 1.1769820 1.0610307
[397,] -7.187714e-02 0.9061454 1.0461864
[398,]  8.515708e-02 0.7473384 0.7213883
[399,]  1.970834e-01 1.0010138 0.8373975
[400,] -1.380445e-01 0.9821729 1.0403539
[401,] -1.959412e-01 1.1702316 1.0065588
[402,]  2.630032e-02 1.3045327 1.0278784
[403,] -2.105684e-01 0.9221197 0.7333726
[404,]  1.257336e-01 1.2160769 1.3890586
[405,]  3.412466e-02 0.8567119 0.8508392
[406,] -7.277543e-02 1.2312866 1.0739025
[407,] -9.391285e-02 1.0603988 0.7260149
[408,]  6.404535e-02 1.0554082 1.2826021
[409,]  4.332776e-02 1.0371711 1.2783629
[410,] -5.668184e-02 1.0487538 0.9953432
[411,] -2.073007e-02 1.0499295 1.0023501
[412,] -1.619818e-02 0.9852813 0.7902288
[413,]  3.098553e-02 1.0423888 0.9588340
[414,]  2.261592e-01 0.6843255 0.6097223
[415,] -2.486974e-03 0.7657976 0.9558508
[416,] -9.456228e-02 1.0756222 1.1528076
[417,] -4.063655e-02 0.8273197 1.0463489
[418,] -5.062615e-02 1.2438296 0.9061557
[419,] -2.580020e-02 0.9571963 0.8316346
[420,] -1.561651e-01 0.9468025 1.3786175
[421,]  1.126498e-01 1.1397506 0.9847954
[422,]  1.230279e-01 0.8927520 0.6743440
[423,]  7.717000e-03 0.9888228 0.9222251
[424,] -3.004971e-02 1.3195475 1.0402526
[425,] -4.128730e-02 0.7742111 0.9624942
[426,]  1.519927e-02 0.9598466 1.1403933
[427,]  1.548482e-01 1.0376365 1.0309537
[428,] -1.217301e-01 1.3698595 0.8599514
[429,] -2.053141e-01 0.8051643 0.8104522
[430,] -9.105159e-02 1.0822154 1.0312594
[431,]  9.915140e-02 0.8319486 0.7989531
[432,]  1.248237e-01 0.9677326 1.1117463
[433,] -5.594891e-02 0.8749666 1.1991205
[434,] -6.293645e-02 0.9056347 0.7926285
[435,]  1.476555e-01 1.2541080 1.0082514
[436,]  4.894287e-02 0.9950373 0.9212549
[437,] -6.640731e-02 1.4292094 1.1821511
[438,] -1.234599e-01 1.0549177 1.0897839
[439,]  2.936352e-01 0.9527293 0.8328653
[440,]  1.651184e-01 1.1939331 0.8871390
[441,] -1.576747e-01 1.1118484 1.0884552
[442,] -4.877017e-02 1.0924944 0.9502614
[443,] -1.255034e-01 0.5934130 0.7010879
[444,] -6.210107e-02 1.1775214 0.9347721
[445,]  7.047939e-02 0.8297871 0.9280989
[446,] -1.135345e-01 1.0370269 1.0908340
[447,]  1.485660e-01 0.9242131 1.0466791
[448,] -1.143583e-02 1.2916502 0.9800928
[449,] -5.499441e-02 0.9542660 1.0621048
[450,] -1.724589e-01 1.0507985 0.9442381
[451,] -1.151236e-01 1.1400412 1.0116596
[452,]  2.095061e-01 0.8278501 1.2013462
[453,] -1.412890e-01 0.6251634 0.6764867
[454,]  1.734406e-01 0.7261573 1.0712214
[455,]  1.103511e-01 0.7890750 1.0771662
[456,] -1.199676e-01 1.0651415 1.3315459
[457,] -1.227426e-01 1.0234324 1.0963834
[458,]  1.459539e-01 0.7945202 1.3824917
[459,] -1.553793e-01 0.8714753 0.6727215
[460,]  8.602538e-02 0.9036472 1.2075537
[461,]  1.376023e-01 1.2486258 1.0672953
[462,]  1.150614e-01 0.7785186 0.7233765
[463,]  1.111229e-01 0.9668938 1.0385236
[464,] -1.820176e-01 1.6295687 1.1851768
[465,] -8.940210e-02 0.8681191 0.8759359
[466,] -1.586575e-01 1.4716866 1.4134728
[467,] -1.288850e-01 1.2783183 1.2834841
[468,]  1.731835e-03 1.0069122 1.0406618
[469,]  6.295575e-02 1.2540919 0.9490819
[470,]  7.416925e-02 1.0813351 1.0974970
[471,] -7.777176e-02 0.8329895 0.9005217
[472,] -1.597714e-02 1.1213855 1.0331095
[473,]  1.339764e-01 1.1781952 0.7910863
[474,]  6.626173e-02 1.0143279 1.0946536
[475,]  7.427069e-02 0.9634438 0.9797944
[476,]  2.038474e-02 0.8482794 0.8216860
[477,]  3.210021e-02 0.8001229 0.9242804
[478,] -2.514452e-01 1.3557762 1.0064635
[479,]  1.042021e-01 0.9914857 1.0976743
[480,] -2.075149e-01 0.9163541 0.9720742
[481,]  1.737156e-02 0.9937669 1.0097348
[482,] -6.097581e-02 1.0671879 0.8556194
[483,] -6.718421e-02 1.4360372 1.2046923
[484,] -2.074538e-01 1.0393375 0.9666475
[485,]  1.511152e-01 1.1268287 1.1143305
[486,] -2.148547e-02 0.8781688 1.0498506
[487,] -2.511710e-02 1.0003958 1.0093707
[488,] -9.006561e-03 0.7450959 0.7709023
[489,]  7.457197e-02 0.8041870 0.8205489
[490,] -6.709582e-02 1.0262262 0.9698290
[491,] -2.003682e-01 0.7239854 0.8407383
[492,] -9.219168e-02 0.7701649 0.7209503
[493,] -8.131733e-02 1.0541954 1.0769394
[494,] -1.188580e-02 1.2395979 0.8487773
[495,]  1.273363e-01 0.8993742 0.8021278
[496,] -5.353545e-02 1.1706916 1.0322801
[497,]  1.269576e-01 1.0214474 0.9627919
[498,]  3.416183e-02 1.3075693 1.1823758
[499,] -1.265424e-02 1.0251667 1.4986308
[500,]  4.685634e-02 1.6906651 1.5997007

