$RE_RF
[1] 3.618815

$RE_CXls
[1] 4.888681

$RF_2_imput
                 [,1]
Q1_bias   -0.04799555
mean_bias -0.01406940
Q3_bias   -0.01211017
MSE        0.56444107

$CXls_imput
                  [,1]
Q1_bias   -0.081448375
mean_bias -0.006751823
Q3_bias   -0.023687030
MSE        0.352145936

$bias_sd_OLS
                   beta.t        bias       Esd       Asd    CP
(Intercept) -1.444485e-17 -0.01678398 0.2422661 0.2285780 0.936
X1           1.000000e+00 -0.01216553 0.3475568 0.3261001 0.938
X2           1.000000e+00 -0.02125932 0.3522397 0.3467267 0.938

$bias_sd_RF
                   beta.t        bias        sd
(Intercept) -1.444485e-17 -0.01457256 0.1162346
X1           1.000000e+00 -0.19409193 0.1194101
X2           1.000000e+00 -0.05802626 0.1225779

$bias_sd_CXls
                   beta.t         bias       Esd    Asd_IF    CP  RE_beta
(Intercept) -1.444485e-17 -0.006789894 0.1138999 0.1160390 0.950 1.064147
X1           1.000000e+00  0.010840279 0.1497496 0.1508066 0.930 5.365112
X2           1.000000e+00 -0.011041801 0.1630681 0.1538790 0.912 4.661547

$pcd_OLS
[1] 0.91496691 0.06344079

$VF_OLS
[1] 1.28927152 0.04815947

$pcd_RF
[1] 0.95368218 0.02475712

$VF_RF
[1] 1.30895863 0.00685149

$pcd_CXls
[1] 0.9603324 0.0216302

$VF_Cxls
[1] 1.310747750 0.005324826

$VF_0
 mean_V0    sd_V0 
1.315827 2.294486 

$VF_B0
mean_VB0   sd_VB0 
1.315827 2.294486 

$PCD_vals_RF
  [1] 0.9745455 0.9170909 0.9445455 0.9469091 0.9740000 0.9614545 0.9301818
  [8] 0.9440000 0.9578182 0.9581818 0.9541818 0.9547273 0.9758182 0.9634545
 [15] 0.9852727 0.9714545 0.9801818 0.8934545 0.9583636 0.9947273 0.9660000
 [22] 0.9023636 0.9763636 0.9760000 0.9789091 0.9538182 0.9505455 0.9554545
 [29] 0.9660000 0.9278182 0.9287273 0.9334545 0.9658182 0.9956364 0.9518182
 [36] 0.9572727 0.9825455 0.9416364 0.9425455 0.9532727 0.9369091 0.9616364
 [43] 0.9883636 0.9652727 0.9452727 0.9205455 0.9929091 0.9601818 0.9150909
 [50] 0.9240000 0.9249091 0.9347273 0.9121818 0.9861818 0.9492727 0.9472727
 [57] 0.9883636 0.9423636 0.9523636 0.9665455 0.9789091 0.9449091 0.9690909
 [64] 0.9556364 0.9598182 0.9678182 0.9850909 0.9385455 0.9898182 0.9594545
 [71] 0.9912727 0.9794545 0.9520000 0.9798182 0.9889091 0.9421818 0.9270909
 [78] 0.9816364 0.9325455 0.9790909 0.9409091 0.9301818 0.9132727 0.9436364
 [85] 0.9167273 0.9752727 0.9730909 0.9865455 0.9938182 0.9372727 0.9794545
 [92] 0.9118182 0.9583636 0.9796364 0.9589091 0.8969091 0.9503636 0.9698182
 [99] 0.9525455 0.9601818 0.9105455 0.9392727 0.9896364 0.9329091 0.9680000
[106] 0.9921818 0.9521818 0.9701818 0.9285455 0.9654545 0.9872727 0.9792727
[113] 0.9134545 0.9263636 0.9556364 0.9772727 0.9401818 0.9581818 0.9603636
[120] 0.9272727 0.9770909 0.9440000 0.9205455 0.9492727 0.9798182 0.9558182
[127] 0.9841818 0.9307273 0.9814545 0.9327273 0.9221818 0.9636364 0.9654545
[134] 0.9587273 0.9294545 0.9532727 0.9843636 0.9560000 0.9394545 0.9303636
[141] 0.9789091 0.9767273 0.9558182 0.9601818 0.9303636 0.9645455 0.9718182
[148] 0.9501818 0.8976364 0.9349091 0.9783636 0.9863636 0.9400000 0.9765455
[155] 0.9823636 0.9183636 0.9769091 0.9790909 0.9587273 0.9625455 0.9616364
[162] 0.9467273 0.9309091 0.9072727 0.9663636 0.9289091 0.9636364 0.9621818
[169] 0.9676364 0.9665455 0.9492727 0.9580000 0.9663636 0.9589091 0.9870909
[176] 0.9443636 0.9498182 0.9487273 0.9489091 0.9434545 0.9025455 0.9710909
[183] 0.9676364 0.9280000 0.9405455 0.9438182 0.9210909 0.9514545 0.9949091
[190] 0.9658182 0.9378182 0.9389091 0.9752727 0.9340000 0.9609091 0.9269091
[197] 0.9670909 0.9961818 0.9823636 0.9245455 0.9658182 0.9605455 0.9854545
[204] 0.9949091 0.9123636 0.9598182 0.9592727 0.9456364 0.9538182 0.9901818
[211] 0.9812727 0.9483636 0.9645455 0.9772727 0.9361818 0.9189091 0.9292727
[218] 0.9532727 0.9349091 0.9869091 0.9725455 0.9185455 0.9489091 0.9316364
[225] 0.9965455 0.9592727 0.9412727 0.9832727 0.9230909 0.9632727 0.9449091
[232] 0.9405455 0.9576364 0.9110909 0.9723636 0.9912727 0.9550909 0.9056364
[239] 0.9278182 0.9238182 0.9376364 0.9343636 0.9872727 0.9530909 0.9629091
[246] 0.9670909 0.9809091 0.9932727 0.9856364 0.9481818 0.9509091 0.9630909
[253] 0.9681818 0.9529091 0.9001818 0.9570909 0.9614545 0.9405455 0.9376364
[260] 0.9280000 0.9663636 0.9803636 0.9232727 0.9554545 0.9032727 0.9760000
[267] 0.9245455 0.9352727 0.9441818 0.9810909 0.9632727 0.8847273 0.9894545
[274] 0.9794545 0.9416364 0.9694545 0.9790909 0.9289091 0.9858182 0.9850909
[281] 0.9805455 0.9205455 0.9792727 0.9474545 0.9592727 0.9520000 0.9323636
[288] 0.9440000 0.9076364 0.9636364 0.9820000 0.9220000 0.9578182 0.9856364
[295] 0.9360000 0.9181818 0.9467273 0.9676364 0.9687273 0.9569091 0.9592727
[302] 0.9858182 0.9545455 0.9676364 0.9649091 0.9336364 0.9829091 0.9481818
[309] 0.9570909 0.9460000 0.9667273 0.9158182 0.9732727 0.9301818 0.9496364
[316] 0.9454545 0.9854545 0.9265455 0.9587273 0.9703636 0.8378182 0.9367273
[323] 0.9850909 0.9312727 0.9458182 0.9710909 0.9890909 0.9525455 0.9685455
[330] 0.9438182 0.9530909 0.9947273 0.9361818 0.9474545 0.9778182 0.9952727
[337] 0.9276364 0.9625455 0.9767273 0.9572727 0.9652727 0.9263636 0.9740000
[344] 0.9820000 0.9914545 0.9285455 0.9616364 0.9767273 0.9334545 0.9509091
[351] 0.9161818 0.9521818 0.9620000 0.9861818 0.8912727 0.9494545 0.9901818
[358] 0.9845455 0.9780000 0.9561818 0.9225455 0.9589091 0.9234545 0.9394545
[365] 0.9614545 0.9785455 0.9154545 0.8845455 0.9663636 0.9225455 0.9603636
[372] 0.9445455 0.9585455 0.9600000 0.9896364 0.9260000 0.9785455 0.9534545
[379] 0.9470909 0.9345455 0.9810909 0.9543636 0.9685455 0.9796364 0.9681818
[386] 0.9467273 0.9429091 0.9634545 0.9536364 0.9643636 0.9670909 0.9494545
[393] 0.9201818 0.9507273 0.9750909 0.9420000 0.9534545 0.9487273 0.9456364
[400] 0.9318182 0.9752727 0.9590909 0.9409091 0.9565455 0.9494545 0.9214545
[407] 0.9609091 0.9692727 0.9950909 0.9729091 0.9309091 0.9894545 0.9714545
[414] 0.9361818 0.9287273 0.9192727 0.9805455 0.8934545 0.9512727 0.9149091
[421] 0.9207273 0.9147273 0.9596364 0.9798182 0.9200000 0.9200000 0.9565455
[428] 0.9616364 0.9576364 0.9543636 0.9467273 0.9120000 0.9796364 0.9878182
[435] 0.9430909 0.9743636 0.9489091 0.9821818 0.9778182 0.9807273 0.8830909
[442] 0.9794545 0.9369091 0.9458182 0.9494545 0.9607273 0.9549091 0.9750909
[449] 0.9170909 0.9683636 0.9661818 0.9258182 0.9603636 0.9523636 0.9472727
[456] 0.9363636 0.9852727 0.9774545 0.8921818 0.9841818 0.9212727 0.9550909
[463] 0.9580000 0.9049091 0.9669091 0.9805455 0.9390909 0.9876364 0.9672727
[470] 0.9410909 0.9367273 0.9660000 0.9083636 0.9687273 0.8678182 0.9987273
[477] 0.9329091 0.9545455 0.9612727 0.9681818 0.9581818 0.9654545 0.9030909
[484] 0.9340000 0.9420000 0.9705455 0.9420000 0.9583636 0.9312727 0.9887273
[491] 0.9583636 0.9849091 0.9121818 0.9634545 0.9558182 0.9696364 0.8960000
[498] 0.9663636 0.9450909 0.9583636

$PCD_vals_CXLS
  [1] 0.9912727 0.9130909 0.9967273 0.9769091 0.9769091 0.9541818 0.9258182
  [8] 0.9923636 0.9550909 0.9294545 0.9698182 0.9490909 0.9476364 0.9758182
 [15] 0.9707273 0.9503636 0.9963636 0.9189091 0.9830909 0.9714545 0.9561818
 [22] 0.9289091 0.9580000 0.9576364 0.9772727 0.9490909 0.9614545 0.9447273
 [29] 0.9854545 0.9683636 0.9538182 0.9536364 0.9821818 0.9750909 0.9680000
 [36] 0.9916364 0.9849091 0.9472727 0.9865455 0.9792727 0.9680000 0.9905455
 [43] 0.9529091 0.9636364 0.9812727 0.9340000 0.9510909 0.9574545 0.9750909
 [50] 0.9340000 0.9418182 0.9641818 0.9690909 0.9894545 0.9483636 0.9858182
 [57] 0.9821818 0.9656364 0.9649091 0.9540000 0.9512727 0.9636364 0.9709091
 [64] 0.9570909 0.9840000 0.9656364 0.9874545 0.9170909 0.9660000 0.9563636
 [71] 0.9489091 0.9750909 0.9569091 0.9563636 0.9836364 0.9483636 0.9932727
 [78] 0.9898182 0.9323636 0.9670909 0.9314545 0.9772727 0.9067273 0.9454545
 [85] 0.9385455 0.9865455 0.9532727 0.9909091 0.9627273 0.9581818 0.9732727
 [92] 0.9387273 0.9634545 0.9600000 0.9192727 0.9172727 0.9720000 0.9689091
 [99] 0.9212727 0.9507273 0.9196364 0.9750909 0.9809091 0.9327273 0.9676364
[106] 0.9647273 0.9905455 0.9447273 0.9461818 0.9760000 0.9580000 0.9785455
[113] 0.9552727 0.9569091 0.9694545 0.9863636 0.9398182 0.9572727 0.9520000
[120] 0.9225455 0.9723636 0.9430909 0.9547273 0.9825455 0.9761818 0.9836364
[127] 0.9683636 0.9450909 0.9529091 0.9300000 0.9240000 0.9365455 0.9905455
[134] 0.9607273 0.9623636 0.9289091 0.9880000 0.9823636 0.9414545 0.9250909
[141] 0.9603636 0.9707273 0.8960000 0.9581818 0.9230909 0.9520000 0.9607273
[148] 0.9572727 0.9394545 0.9770909 0.9418182 0.9585455 0.9863636 0.9552727
[155] 0.9385455 0.9545455 0.9512727 0.9587273 0.9727273 0.9874545 0.9512727
[162] 0.9314545 0.9361818 0.9196364 0.9623636 0.9410909 0.9756364 0.9758182
[169] 0.9300000 0.9394545 0.9683636 0.9823636 0.9483636 0.9400000 0.9794545
[176] 0.9607273 0.9770909 0.9727273 0.9754545 0.9585455 0.9336364 0.9685455
[183] 0.9670909 0.9503636 0.9638182 0.9498182 0.9581818 0.9698182 0.9538182
[190] 0.9929091 0.9576364 0.9558182 0.9598182 0.9245455 0.9600000 0.9236364
[197] 0.9423636 0.9707273 0.9710909 0.9423636 0.9400000 0.9732727 0.9849091
[204] 0.9645455 0.9445455 0.9645455 0.9360000 0.9729091 0.9798182 0.9783636
[211] 0.9556364 0.9461818 0.9596364 0.9938182 0.9590909 0.9738182 0.9656364
[218] 0.9707273 0.9250909 0.9887273 0.9578182 0.9614545 0.9952727 0.9738182
[225] 0.9681818 0.9712727 0.9703636 0.9549091 0.9436364 0.9680000 0.9889091
[232] 0.9641818 0.9552727 0.9576364 0.9869091 0.9881818 0.9240000 0.9636364
[239] 0.9792727 0.9138182 0.9629091 0.9714545 0.9752727 0.9516364 0.9692727
[246] 0.9632727 0.9609091 0.9598182 0.9256364 0.9574545 0.9687273 0.9756364
[253] 0.9856364 0.9916364 0.9438182 0.9867273 0.9714545 0.9818182 0.9829091
[260] 0.9376364 0.9790909 0.9612727 0.9640000 0.9640000 0.9134545 0.9783636
[267] 0.9376364 0.9492727 0.9320000 0.9550909 0.9194545 0.9423636 0.9412727
[274] 0.9645455 0.9550909 0.9872727 0.9803636 0.9647273 0.9858182 0.9750909
[281] 0.9890909 0.9696364 0.9703636 0.9694545 0.9634545 0.9776364 0.9881818
[288] 0.9752727 0.9243636 0.9489091 0.9434545 0.9261818 0.9505455 0.9807273
[295] 0.9549091 0.9100000 0.9801818 0.9832727 0.9236364 0.9760000 0.9494545
[302] 0.9918182 0.9670909 0.9576364 0.9616364 0.9703636 0.9740000 0.9847273
[309] 0.9363636 0.9750909 0.9490909 0.9090909 0.9756364 0.9629091 0.9454545
[316] 0.9758182 0.9514545 0.9654545 0.9563636 0.9610909 0.8821818 0.9723636
[323] 0.9480000 0.9510909 0.9847273 0.9809091 0.9872727 0.9489091 0.9852727
[330] 0.9756364 0.9514545 0.9663636 0.9407273 0.9249091 0.9867273 0.9730909
[337] 0.8954545 0.9812727 0.9832727 0.9760000 0.9432727 0.9267273 0.9814545
[344] 0.9449091 0.9976364 0.9372727 0.9810909 0.9476364 0.9703636 0.9532727
[351] 0.9280000 0.9689091 0.9409091 0.9460000 0.9176364 0.9501818 0.9754545
[358] 0.9910909 0.9347273 0.9701818 0.9372727 0.9354545 0.9238182 0.9496364
[365] 0.9569091 0.9832727 0.9870909 0.9136364 0.9463636 0.9163636 0.9690909
[372] 0.9669091 0.9845455 0.9265455 0.9920000 0.9938182 0.9789091 0.9467273
[379] 0.9903636 0.9827273 0.9972727 0.9425455 0.9683636 0.9730909 0.9856364
[386] 0.9636364 0.9856364 0.9592727 0.9860000 0.9836364 0.9503636 0.9256364
[393] 0.9345455 0.9689091 0.9756364 0.9649091 0.9700000 0.9610909 0.9536364
[400] 0.9703636 0.9880000 0.9714545 0.9729091 0.9334545 0.9847273 0.9570909
[407] 0.9798182 0.9647273 0.9841818 0.9612727 0.9554545 0.9569091 0.9736364
[414] 0.9474545 0.9714545 0.9674545 0.9380000 0.9041818 0.9421818 0.9392727
[421] 0.9427273 0.9178182 0.9616364 0.9869091 0.9710909 0.9727273 0.9747273
[428] 0.9883636 0.9569091 0.9918182 0.9827273 0.9201818 0.9770909 0.9661818
[435] 0.9283636 0.9712727 0.9649091 0.9832727 0.9903636 0.9176364 0.9085455
[442] 0.9516364 0.9581818 0.9605455 0.9821818 0.9558182 0.9663636 0.9707273
[449] 0.9656364 0.9692727 0.9767273 0.9396364 0.9909091 0.9696364 0.9340000
[456] 0.9263636 0.9914545 0.9700000 0.9489091 0.9623636 0.9214545 0.9730909
[463] 0.9594545 0.9641818 0.9636364 0.9885455 0.9596364 0.9910909 0.9661818
[470] 0.9414545 0.9780000 0.8887273 0.9080000 0.9790909 0.9300000 0.9712727
[477] 0.9460000 0.9796364 0.9821818 0.9690909 0.9678182 0.9798182 0.9216364
[484] 0.9761818 0.9778182 0.9836364 0.9867273 0.9794545 0.9792727 0.9514545
[491] 0.9507273 0.9934545 0.9240000 0.9752727 0.9549091 0.9889091 0.9370909
[498] 0.9818182 0.9263636 0.9416364

$PCD_vals_oLS
  [1] 0.9903636 0.9229091 0.9669091 0.9258182 0.9863636 0.9601818 0.8454545
  [8] 0.8863636 0.7309091 0.8841818 0.8807273 0.9245455 0.9765455 0.8996364
 [15] 0.9520000 0.9830909 0.7990909 0.8152727 0.9578182 0.9267273 0.9280000
 [22] 0.9385455 0.8783636 0.9258182 0.9807273 0.8861818 0.9732727 0.9498182
 [29] 0.9185455 0.9016364 0.9541818 0.9440000 0.9201818 0.8952727 0.8034545
 [36] 0.9292727 0.9340000 0.9334545 0.9512727 0.7038182 0.8845455 0.9712727
 [43] 0.9310909 0.9654545 0.9314545 0.9340000 0.9472727 0.9281818 0.9503636
 [50] 0.9565455 0.9454545 0.9172727 0.9520000 0.8749091 0.9534545 0.9465455
 [57] 0.9294545 0.9456364 0.9749091 0.8030909 0.9543636 0.9636364 0.9121818
 [64] 0.8645455 0.9690909 0.8245455 0.9080000 0.8925455 0.9774545 0.8949091
 [71] 0.9310909 0.9252727 0.9543636 0.9770909 0.9410909 0.9300000 0.8510909
 [78] 0.8614545 0.9449091 0.9343636 0.7818182 0.9727273 0.8012727 0.9469091
 [85] 0.8680000 0.9858182 0.9354545 0.7818182 0.9432727 0.9178182 0.7914545
 [92] 0.9830909 0.9898182 0.8030909 0.9340000 0.9369091 0.9256364 0.8032727
 [99] 0.8118182 0.8989091 0.7821818 0.9972727 0.9663636 0.9047273 0.9847273
[106] 0.9425455 0.9136364 0.9172727 0.9492727 0.8601818 0.9600000 0.9434545
[113] 0.9083636 0.9338182 0.9820000 0.8852727 0.9569091 0.9281818 0.9183636
[120] 0.9554545 0.9240000 0.9287273 0.9821818 0.9403636 0.9887273 0.8536364
[127] 0.9347273 0.8654545 0.9718182 0.9187273 0.9070909 0.9730909 0.9247273
[134] 0.9649091 0.8261818 0.9189091 0.8890909 0.9714545 0.9701818 0.8978182
[141] 0.9656364 0.9296364 0.9134545 0.6438182 0.9214545 0.8778182 0.9174545
[148] 0.9845455 0.9374545 0.9274545 0.8789091 0.9689091 0.9634545 0.9534545
[155] 0.9174545 0.7545455 0.9463636 0.9410909 0.9614545 0.9527273 0.9730909
[162] 0.9194545 0.9727273 0.9023636 0.9192727 0.9376364 0.9761818 0.9930909
[169] 0.9212727 0.9743636 0.9350909 0.9290909 0.9170909 0.9596364 0.9627273
[176] 0.9838182 0.9136364 0.9176364 0.8812727 0.9380000 0.9334545 0.9343636
[183] 0.9140000 0.9194545 0.9336364 0.8861818 0.8509091 0.9747273 0.9203636
[190] 0.9705455 0.9469091 0.9736364 0.9500000 0.8356364 0.9630909 0.9330909
[197] 0.9656364 0.9174545 0.9118182 0.8540000 0.9660000 0.8929091 0.9676364
[204] 0.9072727 0.7783636 0.9458182 0.6547273 0.9516364 0.9572727 0.9703636
[211] 0.9238182 0.8972727 0.9710909 0.9238182 0.9132727 0.9809091 0.8540000
[218] 0.9132727 0.9270909 0.9463636 0.9718182 0.9670909 0.9590909 0.9154545
[225] 0.9494545 0.9170909 0.9190909 0.9270909 0.9538182 0.9287273 0.9307273
[232] 0.9634545 0.9305455 0.6370909 0.9860000 0.9736364 0.8301818 0.9020000
[239] 0.9940000 0.9521818 0.9227273 0.7516364 0.9692727 0.8952727 0.8954545
[246] 0.9432727 0.9454545 0.8963636 0.9198182 0.9134545 0.8990909 0.9558182
[253] 0.9110909 0.8520000 0.6249091 0.9792727 0.8987273 0.9203636 0.9298182
[260] 0.9123636 0.9212727 0.9621818 0.9550909 0.9483636 0.9632727 0.9320000
[267] 0.7423636 0.9818182 0.8263636 0.9360000 0.8627273 0.8732727 0.9158182
[274] 0.8950909 0.9440000 0.8716364 0.9812727 0.7743636 0.9141818 0.9416364
[281] 0.9720000 0.9710909 0.8680000 0.9896364 0.7945455 0.8934545 0.9085455
[288] 0.9674545 0.9096364 0.9454545 0.9263636 0.9505455 0.9456364 0.9721818
[295] 0.9396364 0.9141818 0.9316364 0.9430909 0.8796364 0.9445455 0.9352727
[302] 0.9700000 0.8689091 0.9505455 0.9716364 0.9512727 0.9363636 0.9483636
[309] 0.8687273 0.9270909 0.9329091 0.8510909 0.9789091 0.9223636 0.8614545
[316] 0.9380000 0.9463636 0.8805455 0.9438182 0.9903636 0.5141818 0.9072727
[323] 0.9261818 0.9389091 0.9274545 0.9269091 0.7414545 0.9003636 0.8743636
[330] 0.9080000 0.8998182 0.9320000 0.8781818 0.9045455 0.9218182 0.9578182
[337] 0.8663636 0.9060000 0.9334545 0.9952727 0.8565455 0.9149091 0.9756364
[344] 0.9056364 0.9327273 0.8861818 0.9600000 0.9192727 0.8621818 0.9683636
[351] 0.9072727 0.9274545 0.9101818 0.9492727 0.8372727 0.9627273 0.9065455
[358] 0.8616364 0.9265455 0.8820000 0.9523636 0.9187273 0.9214545 0.8887273
[365] 0.9325455 0.9380000 0.8429091 0.7312727 0.8932727 0.7636364 0.9441818
[372] 0.9692727 0.9460000 0.9043636 0.9338182 0.9714545 0.9910909 0.9260000
[379] 0.9509091 0.8203636 0.9638182 0.8187273 0.9070909 0.8967273 0.9569091
[386] 0.9672727 0.9803636 0.7232727 0.8494545 0.9538182 0.8996364 0.7000000
[393] 0.8714545 0.9472727 0.9312727 0.9143636 0.9429091 0.9194545 0.8670909
[400] 0.8527273 0.9665455 0.9327273 0.9470909 0.9240000 0.9370909 0.9007273
[407] 0.9485455 0.9318182 0.9520000 0.9125455 0.6674545 0.9883636 0.9487273
[414] 0.9225455 0.8641818 0.8643636 0.9478182 0.6885455 0.9241818 0.9050909
[421] 0.9227273 0.6358182 0.9223636 0.9612727 0.8747273 0.9387273 0.9260000
[428] 0.9267273 0.9518182 0.8992727 0.8669091 0.9723636 0.9538182 0.9220000
[435] 0.7674545 0.9223636 0.9629091 0.9629091 0.9652727 0.9396364 0.8596364
[442] 0.9638182 0.9254545 0.9614545 0.7432727 0.9301818 0.9290909 0.9214545
[449] 0.9089091 0.9412727 0.9134545 0.9380000 0.8996364 0.8816364 0.9581818
[456] 0.9689091 0.8501818 0.9154545 0.9732727 0.8549091 0.9549091 0.9389091
[463] 0.9587273 0.8587273 0.9461818 0.9374545 0.8903636 0.9912727 0.9172727
[470] 0.9318182 0.9349091 0.8670909 0.9745455 0.9625455 0.8176364 0.9574545
[477] 0.8041818 0.9176364 0.9432727 0.9312727 0.9130909 0.9330909 0.8907273
[484] 0.9374545 0.8960000 0.9930909 0.8738182 0.9634545 0.9407273 0.8914545
[491] 0.9249091 0.9758182 0.9269091 0.9778182 0.9736364 0.9332727 0.9330909
[498] 0.7794545 0.8900000 0.9556364

$V_RF
  [1] 1.314466 1.297199 1.306284 1.309011 1.314049 1.311479 1.304192 1.308406
  [9] 1.311141 1.311468 1.310496 1.311270 1.314371 1.312065 1.315255 1.314044
 [17] 1.314684 1.289428 1.311249 1.315776 1.313504 1.292755 1.314566 1.314760
 [25] 1.314713 1.309880 1.310027 1.310672 1.312744 1.302942 1.302891 1.304095
 [33] 1.314293 1.315758 1.309920 1.311231 1.314815 1.307361 1.306220 1.309379
 [41] 1.307768 1.311513 1.315438 1.313833 1.307560 1.300509 1.315587 1.313073
 [49] 1.296675 1.300770 1.298549 1.308198 1.294942 1.315422 1.311484 1.309530
 [57] 1.315456 1.305166 1.309045 1.312872 1.314674 1.308045 1.313083 1.312078
 [65] 1.311543 1.312172 1.315313 1.309627 1.315599 1.311443 1.315625 1.314005
 [73] 1.308832 1.314636 1.315666 1.308923 1.301073 1.315160 1.305901 1.314802
 [81] 1.307608 1.302893 1.297946 1.309645 1.301192 1.313603 1.313376 1.315176
 [89] 1.315734 1.309192 1.314886 1.297838 1.312235 1.314739 1.310930 1.294421
 [97] 1.309030 1.313607 1.311116 1.311543 1.293257 1.304746 1.315396 1.304467
[105] 1.313216 1.315637 1.310952 1.314209 1.302257 1.312008 1.315435 1.315016
[113] 1.297706 1.300077 1.311152 1.314333 1.304439 1.312063 1.312883 1.301481
[121] 1.314371 1.306760 1.299026 1.309045 1.314925 1.311815 1.315305 1.305040
[129] 1.314750 1.302110 1.302525 1.312610 1.311751 1.312167 1.303857 1.311841
[137] 1.315178 1.311143 1.306965 1.305385 1.314934 1.313900 1.311680 1.312341
[145] 1.301393 1.311777 1.313633 1.311387 1.285441 1.302273 1.315022 1.315459
[153] 1.304577 1.314358 1.315012 1.298295 1.314429 1.314868 1.309931 1.312980
[161] 1.313323 1.308586 1.303902 1.295875 1.312448 1.302508 1.311409 1.311220
[169] 1.313613 1.312928 1.309918 1.310364 1.312356 1.312932 1.315355 1.308394
[177] 1.309368 1.311298 1.310307 1.306150 1.292652 1.313401 1.312903 1.302458
[185] 1.308138 1.309926 1.299661 1.308902 1.315724 1.313180 1.303645 1.306264
[193] 1.314410 1.307959 1.311263 1.304370 1.313954 1.315779 1.315181 1.300133
[201] 1.312548 1.312208 1.315215 1.315772 1.295561 1.312806 1.311057 1.308751
[209] 1.309548 1.315625 1.315266 1.308381 1.312759 1.314535 1.305667 1.299374
[217] 1.299843 1.310812 1.304151 1.315343 1.314685 1.298095 1.308197 1.301203
[225] 1.315792 1.311347 1.307219 1.315116 1.299489 1.312341 1.308503 1.308522
[233] 1.313118 1.295907 1.313714 1.315604 1.309436 1.294586 1.301369 1.304367
[241] 1.304526 1.304698 1.315527 1.310334 1.312493 1.314052 1.314877 1.315707
[249] 1.315359 1.308439 1.310188 1.312565 1.312627 1.309546 1.290709 1.310332
[257] 1.311311 1.305769 1.306210 1.303427 1.312299 1.314865 1.300200 1.312335
[265] 1.291449 1.314186 1.302228 1.302123 1.309107 1.314898 1.311535 1.279100
[273] 1.315481 1.314963 1.307734 1.313593 1.314307 1.306332 1.315324 1.315278
[281] 1.314958 1.296213 1.314965 1.307190 1.312882 1.310445 1.302890 1.306458
[289] 1.296028 1.312842 1.314957 1.300127 1.311119 1.315246 1.303570 1.304130
[297] 1.307495 1.313901 1.313722 1.310433 1.312219 1.315412 1.311534 1.313041
[305] 1.312792 1.305458 1.315132 1.308187 1.310847 1.307904 1.311957 1.302484
[313] 1.313831 1.304594 1.307165 1.308890 1.315131 1.303992 1.312145 1.314640
[321] 1.266143 1.304154 1.315351 1.303626 1.308865 1.313446 1.315280 1.309391
[329] 1.313439 1.306884 1.310426 1.315755 1.306396 1.307479 1.314367 1.315786
[337] 1.301250 1.312221 1.313916 1.310681 1.313470 1.306683 1.314143 1.314783
[345] 1.315538 1.304676 1.311672 1.314716 1.305468 1.311403 1.304146 1.309563
[353] 1.311139 1.315150 1.294392 1.311388 1.315517 1.315199 1.314515 1.310427
[361] 1.300014 1.311112 1.306084 1.309000 1.312502 1.314696 1.298254 1.292115
[369] 1.313585 1.303807 1.312734 1.310142 1.310851 1.313744 1.315576 1.302420
[377] 1.314504 1.310285 1.308158 1.302357 1.315105 1.311214 1.313162 1.315101
[385] 1.312954 1.306364 1.306022 1.312068 1.310558 1.312292 1.312546 1.308719
[393] 1.302938 1.309225 1.314749 1.306529 1.309356 1.310370 1.310837 1.302680
[401] 1.313778 1.309804 1.305555 1.309320 1.309400 1.300793 1.310938 1.313327
[409] 1.315789 1.313920 1.306971 1.315675 1.313176 1.307946 1.301171 1.298893
[417] 1.315023 1.296989 1.309570 1.299042 1.299555 1.296629 1.311816 1.314572
[425] 1.296102 1.297446 1.312380 1.311439 1.310102 1.309412 1.309938 1.295909
[433] 1.315070 1.315526 1.308506 1.313792 1.308477 1.314975 1.314004 1.315275
[441] 1.279399 1.314855 1.305466 1.310156 1.307758 1.312667 1.309272 1.314536
[449] 1.298649 1.312809 1.313195 1.300920 1.311924 1.309043 1.309996 1.309123
[457] 1.315274 1.314995 1.285246 1.315297 1.297141 1.309204 1.311954 1.295186
[465] 1.313105 1.314905 1.306549 1.315274 1.312976 1.307358 1.307110 1.312643
[473] 1.295877 1.313354 1.271008 1.315812 1.306486 1.309810 1.312456 1.313271
[481] 1.310632 1.312724 1.288650 1.304736 1.307471 1.314090 1.306391 1.311931
[489] 1.301965 1.315566 1.312380 1.315314 1.294630 1.313724 1.311041 1.312988
[497] 1.285759 1.311790 1.306669 1.310129

$V_CXLS
  [1] 1.315537 1.296010 1.315809 1.314860 1.315045 1.309366 1.303491 1.315654
  [9] 1.310469 1.304233 1.312905 1.308623 1.309974 1.314418 1.313132 1.309069
 [17] 1.315815 1.297064 1.315239 1.314061 1.312209 1.304732 1.311716 1.310579
 [25] 1.314111 1.311411 1.312345 1.310253 1.315379 1.313486 1.312530 1.311117
 [33] 1.315474 1.313845 1.313727 1.315688 1.314858 1.310842 1.315446 1.314617
 [41] 1.314288 1.315519 1.309303 1.312984 1.314966 1.304815 1.310228 1.312325
 [49] 1.314421 1.304244 1.304941 1.313254 1.312823 1.315454 1.309783 1.315322
 [57] 1.315340 1.312207 1.312135 1.310356 1.309810 1.311563 1.314302 1.311425
 [65] 1.315047 1.312006 1.315519 1.297001 1.312604 1.311760 1.308781 1.314486
 [73] 1.312283 1.310402 1.315244 1.311281 1.315672 1.315576 1.307740 1.312173
 [81] 1.304382 1.315026 1.299235 1.309221 1.309732 1.315515 1.309179 1.315567
 [89] 1.311694 1.312933 1.313757 1.307966 1.311592 1.311285 1.302079 1.300021
 [97] 1.313536 1.314285 1.298817 1.309818 1.298190 1.314212 1.314928 1.306465
[105] 1.313105 1.312408 1.315608 1.307197 1.310027 1.313948 1.310627 1.314940
[113] 1.312134 1.311397 1.314245 1.315393 1.304236 1.309271 1.309206 1.299705
[121] 1.313575 1.306668 1.310150 1.315269 1.314564 1.314980 1.313912 1.310236
[129] 1.309515 1.301157 1.305377 1.303582 1.315607 1.312108 1.312187 1.302795
[137] 1.315488 1.315155 1.309572 1.300500 1.311544 1.314445 1.289105 1.310602
[145] 1.299341 1.309234 1.310606 1.312153 1.304721 1.314524 1.306893 1.311454
[153] 1.315373 1.312283 1.307804 1.310178 1.308904 1.312514 1.314551 1.315391
[161] 1.310905 1.303438 1.306228 1.300281 1.310916 1.308922 1.313915 1.314506
[169] 1.301216 1.305879 1.312830 1.314710 1.311117 1.307479 1.314997 1.313273
[177] 1.314985 1.313530 1.314179 1.312687 1.305659 1.313969 1.312169 1.309531
[185] 1.313098 1.309733 1.311891 1.313139 1.308069 1.315752 1.309782 1.310812
[193] 1.312127 1.303163 1.311617 1.303843 1.307596 1.313471 1.314126 1.307171
[201] 1.306944 1.313510 1.315331 1.312965 1.306855 1.313675 1.303098 1.314327
[209] 1.314488 1.314748 1.310877 1.309905 1.311585 1.315677 1.311331 1.313942
[217] 1.312732 1.314272 1.299677 1.315426 1.312634 1.312287 1.315758 1.314202
[225] 1.313469 1.312643 1.313489 1.310271 1.306287 1.313102 1.315642 1.313252
[233] 1.312688 1.311555 1.315376 1.315528 1.298767 1.313657 1.314728 1.295946
[241] 1.312197 1.314336 1.314453 1.309852 1.314106 1.312722 1.311351 1.311459
[249] 1.299075 1.310855 1.313670 1.314707 1.315090 1.315647 1.307196 1.315419
[257] 1.313650 1.315157 1.315306 1.307780 1.314235 1.311339 1.313290 1.313449
[265] 1.296526 1.314926 1.305367 1.308030 1.307366 1.310050 1.296494 1.306816
[273] 1.308829 1.312522 1.311429 1.315411 1.314608 1.312876 1.315367 1.314280
[281] 1.315523 1.313014 1.312989 1.313166 1.312260 1.315133 1.315525 1.314015
[289] 1.302132 1.308720 1.306041 1.300976 1.308924 1.315134 1.310323 1.300877
[297] 1.315099 1.314934 1.299666 1.314396 1.308163 1.315686 1.314275 1.312110
[305] 1.312650 1.313990 1.314303 1.315479 1.305291 1.314610 1.309958 1.300536
[313] 1.314670 1.312942 1.306526 1.314807 1.308278 1.313931 1.312135 1.312824
[321] 1.288665 1.313374 1.308786 1.309055 1.315456 1.315021 1.315344 1.309727
[329] 1.315202 1.314426 1.311418 1.313295 1.308685 1.299226 1.315338 1.313851
[337] 1.284413 1.314901 1.315270 1.314281 1.308238 1.306762 1.315055 1.307298
[345] 1.315799 1.305642 1.315196 1.307314 1.313864 1.311481 1.302486 1.313132
[353] 1.305224 1.307127 1.303608 1.308797 1.313532 1.315575 1.304454 1.313418
[361] 1.307301 1.304446 1.306133 1.311808 1.312559 1.315071 1.315351 1.298287
[369] 1.309150 1.295433 1.313938 1.313664 1.314949 1.301472 1.315681 1.315752
[377] 1.314627 1.306674 1.315591 1.314727 1.315815 1.306529 1.313380 1.314574
[385] 1.315391 1.311550 1.315361 1.310690 1.315518 1.315302 1.308347 1.300844
[393] 1.307578 1.313205 1.314335 1.312982 1.314533 1.313248 1.310281 1.313671
[401] 1.315278 1.312870 1.314053 1.300306 1.315293 1.311155 1.315008 1.313876
[409] 1.315311 1.311485 1.311460 1.310698 1.313533 1.309393 1.313694 1.313741
[417] 1.306656 1.294543 1.307673 1.307132 1.307537 1.297819 1.312083 1.315293
[425] 1.312719 1.313150 1.313811 1.315432 1.310234 1.315498 1.315296 1.299098
[433] 1.314393 1.312255 1.303129 1.313284 1.313177 1.315221 1.315482 1.298063
[441] 1.293747 1.309605 1.312163 1.312583 1.314822 1.309383 1.313128 1.313586
[449] 1.312505 1.312986 1.314585 1.306096 1.315671 1.314320 1.301123 1.305797
[457] 1.315672 1.313973 1.309506 1.311097 1.299036 1.313858 1.311801 1.313505
[465] 1.312899 1.315417 1.311624 1.315684 1.312874 1.307031 1.314361 1.281566
[473] 1.297378 1.314717 1.302322 1.313353 1.311475 1.314802 1.315124 1.312942
[481] 1.313483 1.314764 1.297953 1.314870 1.314687 1.314941 1.315399 1.314885
[489] 1.314583 1.309821 1.311199 1.315760 1.298774 1.314913 1.310860 1.315404
[497] 1.307586 1.314683 1.300779 1.306774

$V_OLS
  [1] 1.3156230 1.2996437 1.3128356 1.3027065 1.3153593 1.3106180 1.2533833
  [8] 1.2882580 1.1616700 1.2879100 1.2760966 1.3001645 1.3139297 1.2888971
 [15] 1.3094231 1.3152052 1.2038347 1.2254221 1.3103670 1.3015859 1.3044911
 [22] 1.3069345 1.2807855 1.3008817 1.3144843 1.2832224 1.3140934 1.3092901
 [29] 1.2998035 1.3001890 1.3111719 1.3060409 1.3002765 1.2906937 1.2409071
 [36] 1.3016286 1.3021878 1.3044079 1.3104290 1.1421975 1.2937421 1.3142544
 [43] 1.3021908 1.3135480 1.3050593 1.3083307 1.3075910 1.3009716 1.3103250
 [50] 1.3105681 1.3065291 1.2972066 1.3089790 1.2895653 1.3101914 1.3084308
 [57] 1.3029882 1.3061104 1.3139130 1.2331935 1.3121625 1.3114615 1.2955645
 [64] 1.2767616 1.3132595 1.2359830 1.2902022 1.2851446 1.3147173 1.2882663
 [71] 1.3061488 1.3033145 1.3096575 1.3137258 1.3082938 1.3083232 1.2532886
 [78] 1.2782125 1.3092901 1.3036630 1.2232287 1.3135816 1.2218655 1.3088162
 [85] 1.2689225 1.3153915 1.3051070 1.2089238 1.3086759 1.2977650 1.2383208
 [92] 1.3149859 1.3156946 1.2288624 1.3069668 1.3029111 1.3019338 1.2199604
 [99] 1.2509993 1.2880431 1.1866716 1.3158160 1.3138736 1.2949873 1.3154748
[106] 1.3072395 1.2963803 1.2961902 1.3085737 1.2644651 1.3112757 1.3081725
[113] 1.3009404 1.3027846 1.3151478 1.2774059 1.3124622 1.3052922 1.3002347
[120] 1.3102314 1.3004160 1.3010178 1.3149385 1.3056704 1.3155378 1.2767215
[127] 1.3047687 1.2804467 1.3131566 1.2970728 1.2926925 1.3142331 1.3007274
[134] 1.3135862 1.2611143 1.2991822 1.2816106 1.3139293 1.3131575 1.2912403
[141] 1.3132091 1.3028220 1.2969392 1.0529498 1.3045740 1.2758060 1.2994644
[148] 1.3153027 1.3034555 1.3066587 1.2884882 1.3142173 1.3134141 1.3126695
[155] 1.3009200 1.1591327 1.3096162 1.3076489 1.3134733 1.3087543 1.3140208
[162] 1.3047780 1.3140498 1.2959715 1.3035455 1.3052199 1.3139036 1.3157018
[169] 1.3036304 1.3135792 1.3048520 1.3048449 1.2987296 1.3131826 1.3111775
[176] 1.3154026 1.2984792 1.2974196 1.2775670 1.3072078 1.3037236 1.3081709
[183] 1.2965677 1.3048504 1.3073199 1.2830645 1.2560169 1.3141964 1.3002757
[190] 1.3128447 1.3081219 1.3143341 1.3074586 1.2655106 1.3133708 1.3030659
[197] 1.3128085 1.2962285 1.3028195 1.2594673 1.3132824 1.2933113 1.3125357
[204] 1.2929131 1.2048115 1.3100601 1.0268744 1.3100940 1.3118899 1.3133510
[211] 1.2988071 1.2874660 1.3132828 1.3023109 1.2957913 1.3149998 1.2598713
[218] 1.3023415 1.3001655 1.3108535 1.3134601 1.3121140 1.3111481 1.2944454
[225] 1.3091593 1.2986521 1.2998367 1.3008348 1.3110647 1.3031652 1.3048629
[232] 1.3130756 1.3087125 1.0644479 1.3154416 1.3141460 1.2367653 1.2930961
[239] 1.3156944 1.3096375 1.3016683 1.1749367 1.3130684 1.2882159 1.2973682
[246] 1.3087955 1.3098997 1.2964943 1.3033250 1.3020106 1.2984380 1.3100777
[253] 1.2999156 1.2507241 0.9838817 1.3151721 1.2882096 1.3060804 1.3006520
[260] 1.2973914 1.3002582 1.3117462 1.3110705 1.3113040 1.3136981 1.3029460
[267] 1.1840414 1.3145570 1.2502728 1.3093578 1.2609550 1.2736355 1.3023401
[274] 1.2885295 1.3080906 1.2731910 1.3147957 1.1987560 1.3023840 1.3073437
[281] 1.3139085 1.3138316 1.2686422 1.3154873 1.2319337 1.2875540 1.2938766
[288] 1.3138082 1.3004568 1.3072248 1.3003890 1.3097978 1.3089383 1.3133857
[295] 1.3036467 1.2957150 1.3041024 1.3062439 1.2716728 1.3074128 1.3067777
[302] 1.3140101 1.2709117 1.3091622 1.3137870 1.3109593 1.3049150 1.3085669
[309] 1.2754515 1.3011855 1.3080253 1.2561363 1.3144363 1.3052096 1.2568496
[316] 1.3075768 1.3068797 1.2794907 1.3075487 1.3156510 0.8052547 1.2911676
[323] 1.3021891 1.3079428 1.3047987 1.3005344 1.1444718 1.2897948 1.2779079
[330] 1.2910528 1.2901239 1.3031147 1.2732320 1.2885598 1.3002942 1.3112046
[337] 1.2667241 1.2988360 1.3055228 1.3157580 1.2591751 1.2948309 1.3144287
[344] 1.2881172 1.3054289 1.2818406 1.3128527 1.2958562 1.2627900 1.3128322
[351] 1.2951563 1.3019431 1.2935962 1.3085563 1.2519870 1.3121602 1.2974815
[358] 1.2647676 1.3013390 1.2801068 1.3105455 1.2986853 1.2979284 1.2911010
[365] 1.3070365 1.3048276 1.2696166 1.1789874 1.2888592 1.1800500 1.3073065
[372] 1.3141576 1.3079307 1.2913728 1.3040362 1.3132215 1.3155046 1.2998769
[379] 1.3121020 1.2543581 1.3129849 1.2197330 1.2920985 1.2854902 1.3116123
[386] 1.3136062 1.3148228 1.1333826 1.2614599 1.3103954 1.2844503 1.1034691
[393] 1.2850145 1.3109909 1.3071723 1.2939859 1.3103120 1.3029781 1.2865044
[400] 1.2703997 1.3133856 1.3015139 1.3073678 1.2955525 1.3052722 1.2914153
[407] 1.3087132 1.3034570 1.3104125 1.2953331 1.0982841 1.3154320 1.3084724
[414] 1.3065295 1.2653159 1.2664097 1.3089059 1.0828666 1.3020193 1.2973257
[421] 1.3009691 0.9876578 1.2992882 1.3120945 1.2678804 1.3065322 1.2996372
[428] 1.3071378 1.3086171 1.2949750 1.2779960 1.3141298 1.3102211 1.3052552
[435] 1.1718188 1.3009917 1.3117893 1.3110522 1.3127631 1.3095988 1.2683945
[442] 1.3117790 1.3045988 1.3113820 1.1166064 1.3046664 1.3050868 1.2980472
[449] 1.2998956 1.3090147 1.3008009 1.3055308 1.2970858 1.2898680 1.3106201
[456] 1.3128255 1.2608884 1.2989788 1.3140852 1.2628696 1.3097704 1.3060459
[463] 1.3118872 1.2643161 1.3080304 1.3090320 1.2886490 1.3156179 1.3038426
[470] 1.3079511 1.3062145 1.2814441 1.3139582 1.3121637 1.2294273 1.3099971
[477] 1.2141797 1.2971841 1.3081302 1.3083623 1.2977493 1.3073572 1.2841461
[484] 1.3068192 1.2897729 1.3157489 1.2751605 1.3132793 1.3046985 1.2811755
[491] 1.3043637 1.3145286 1.3026165 1.3147441 1.3140804 1.3032991 1.3009683
[498] 1.1996741 1.2803519 1.3106076

$Beta_CX
                [,1]      [,2]      [,3]
  [1,]  0.0390455907 1.0234423 1.0623151
  [2,]  0.1397171154 0.7903797 1.3351042
  [3,] -0.0019137583 1.0533780 1.0698284
  [4,]  0.0848984433 1.0769126 1.1267484
  [5,] -0.0734905180 0.9833578 0.9969827
  [6,] -0.0654351984 1.1749186 0.8754978
  [7,] -0.2778411077 0.9498198 1.1624319
  [8,] -0.0208290242 0.9915470 0.9524352
  [9,] -0.0043822959 0.7338137 0.9689905
 [10,] -0.2298380538 0.8002051 0.9510449
 [11,] -0.0977482547 1.0704924 0.9218796
 [12,]  0.1188252676 1.2522818 0.9414616
 [13,] -0.1323362490 0.7543780 0.6684271
 [14,]  0.0227470740 0.8106458 0.9309009
 [15,]  0.0235114688 1.0242409 0.8451674
 [16,]  0.0088137680 1.0583404 0.7727019
 [17,] -0.0058195704 0.9711025 0.9619941
 [18,] -0.1852873484 0.6144563 0.9253800
 [19,]  0.0600185782 0.9351254 0.9238531
 [20,]  0.1187215602 1.1448805 1.2336153
 [21,]  0.1601304567 0.9898832 1.0092977
 [22,] -0.2393450497 0.8863797 1.0932413
 [23,] -0.1230770618 1.1500900 0.9616392
 [24,] -0.1165724676 1.1193546 0.8958105
 [25,] -0.0837996977 1.2144400 1.0797761
 [26,] -0.1503025896 0.8414078 0.8467657
 [27,] -0.0273120074 0.9982924 1.2449395
 [28,] -0.2156394528 1.1149883 1.0695940
 [29,] -0.0507023870 1.1590626 1.1034878
 [30,]  0.0953250313 1.0866181 0.9583770
 [31,] -0.1582741444 1.0584366 1.0244953
 [32,]  0.1418803507 1.0110298 1.2193755
 [33,] -0.0551791191 1.1638682 1.1933660
 [34,] -0.0029420727 1.0416817 0.8808136
 [35,] -0.1262125824 1.0398135 1.0230318
 [36,] -0.0371616015 1.1984992 1.2079567
 [37,]  0.0120672634 1.2772270 1.1357773
 [38,]  0.1890440774 1.1022890 1.0130186
 [39,]  0.0513598343 1.0222868 1.0467880
 [40,] -0.0190297262 0.8263805 0.7280197
 [41,]  0.0886091734 0.9193895 0.8755941
 [42,] -0.0143359423 1.0388220 1.1073956
 [43,] -0.0381888305 1.1420633 0.8420326
 [44,]  0.0982671106 1.0026373 0.8752490
 [45,] -0.0606906004 0.8561117 0.8206358
 [46,]  0.1533270190 0.8693787 1.2324286
 [47,]  0.0776065848 1.0329193 0.7978679
 [48,]  0.1250027065 1.0490832 0.9182876
 [49,] -0.0972989242 0.9640182 0.9825565
 [50,] -0.2192464239 0.8124384 1.0284719
 [51,] -0.0385086077 0.8470983 1.2641015
 [52,] -0.0986042022 0.8064132 0.7521915
 [53,]  0.0485554978 0.7485388 0.9055779
 [54,]  0.0203378073 1.0129314 0.9473951
 [55,]  0.1539137330 0.9808813 0.8270360
 [56,]  0.0538560068 0.9888239 1.0300229
 [57,] -0.0547998429 0.9608302 0.9843051
 [58,]  0.0067366173 0.8530562 1.0712002
 [59,]  0.0297500746 0.8240014 1.0327678
 [60,] -0.1595337041 1.0391787 0.8894423
 [61,] -0.0515099629 1.0964793 0.8233526
 [62,] -0.0238439015 1.1392282 0.8908320
 [63,]  0.1000463269 1.0012972 0.9687033
 [64,] -0.1083819226 1.1560849 0.9413204
 [65,]  0.0331128664 1.0358553 1.1414379
 [66,] -0.0486603126 0.8892454 0.7146146
 [67,]  0.0439348472 0.9282222 0.9362081
 [68,]  0.1300345106 0.9351339 0.5804907
 [69,] -0.0533623574 0.9863217 0.8088130
 [70,]  0.1442557929 0.9033821 1.0095389
 [71,]  0.1215791061 1.3004572 0.9804757
 [72,]  0.0823089434 0.9044689 0.8671448
 [73,] -0.1650952709 1.0383720 1.0348845
 [74,] -0.1391126502 0.8612371 1.0361608
 [75,]  0.0439916370 1.2464749 1.1562917
 [76,]  0.1806843755 1.0052381 1.0787825
 [77,] -0.0153329234 1.0852866 1.1324636
 [78,] -0.0149917256 1.0162091 0.9601714
 [79,] -0.2456051987 1.0084859 1.0973551
 [80,] -0.1192872617 1.2345203 1.0371251
 [81,]  0.1724487648 0.7913244 1.0904326
 [82,]  0.0762266265 1.0439438 1.0839129
 [83,] -0.2892848197 0.8111067 0.9657711
 [84,]  0.1952087072 1.3017776 1.0629138
 [85,] -0.2011063117 0.9533789 0.9789091
 [86,]  0.0482674745 1.0435697 1.0287387
 [87,] -0.0771212103 0.8224119 1.0980613
 [88,] -0.0329039320 0.9793487 1.0184715
 [89,]  0.0395534019 1.0948337 0.8641511
 [90,] -0.1158847057 0.8089206 0.8525235
 [91,] -0.0271961600 1.0655879 0.9013188
 [92,] -0.2196640055 0.9146257 0.9904947
 [93,]  0.0390501506 1.0984530 0.8637687
 [94,]  0.0331107504 1.1210991 0.8714943
 [95,] -0.2395830403 0.7514177 0.8942948
 [96,]  0.2556003530 0.9373210 0.7545840
 [97,] -0.0626845424 0.8066695 0.9366505
 [98,] -0.1080413866 1.0321664 1.0639346
 [99,] -0.1447417820 1.1763605 0.7388019
[100,]  0.0870347173 1.0634695 0.8160548
[101,]  0.0182396773 1.0772462 0.6382687
[102,]  0.0634116898 0.9737256 1.1041137
[103,] -0.0293019859 0.9675926 1.0776059
[104,] -0.2096403594 0.9341387 0.8087356
[105,] -0.0206500900 1.0571586 0.8698745
[106,] -0.0250425520 1.1266504 0.9053138
[107,] -0.0176418974 0.8944309 0.9386151
[108,] -0.1013144153 1.0583902 0.7677126
[109,] -0.1776194421 0.8630032 0.9085176
[110,] -0.0473899108 1.1888640 1.0208911
[111,]  0.0593251289 1.0197930 0.7880834
[112,]  0.1168839772 1.4816788 1.5246222
[113,]  0.1670046792 1.0339013 1.0967956
[114,] -0.1855450969 1.0426248 1.1113233
[115,] -0.1316667147 1.2326761 1.2307830
[116,]  0.0500982578 0.9637208 0.9954395
[117,]  0.1087719369 0.9008455 1.3356364
[118,] -0.1357181124 1.0154251 0.8082879
[119,]  0.0184550193 1.0753164 0.7882256
[120,] -0.0091786245 0.6269400 1.0329690
[121,] -0.0212411513 1.0233562 0.8577982
[122,]  0.0972828129 0.7048580 0.9809014
[123,] -0.0103106666 0.9261461 1.2333899
[124,] -0.0645748637 1.0362435 1.0232895
[125,] -0.0998731130 1.2204275 1.3187001
[126,] -0.0221274376 1.1090565 0.9974161
[127,] -0.0032020596 1.1384778 0.9653901
[128,] -0.1976808990 1.0177144 0.9789214
[129,]  0.0255017038 1.2162456 0.8991400
[130,] -0.1545300777 0.8338695 1.2708095
[131,]  0.2595343278 0.9323637 1.0475737
[132,]  0.1707996255 1.2556585 0.8752087
[133,]  0.0296240679 0.9062658 0.8784868
[134,]  0.1786374267 1.2876658 1.1616169
[135,]  0.0381755809 0.7732610 0.9639905
[136,] -0.1274114081 1.0478525 0.7077024
[137,] -0.0047462287 1.0202858 1.0937864
[138,] -0.0529100980 0.9699445 0.9158413
[139,]  0.1807433051 0.8484845 0.8630734
[140,]  0.2586228126 1.1641363 0.8580879
[141,]  0.0192779024 1.2476992 0.9743106
[142,]  0.0894250337 1.0506390 0.9848708
[143,] -0.0136025362 0.9012462 0.4654417
[144,]  0.0486193945 1.1103675 0.8513654
[145,]  0.0498563177 0.7422241 1.2235921
[146,] -0.0351733198 0.8488469 1.1529714
[147,] -0.0622575472 0.9991887 0.7732817
[148,]  0.1351218496 1.1024536 0.9627841
[149,] -0.1360250562 0.6700891 0.9261408
[150,] -0.0856200716 0.9152783 0.9569258
[151,] -0.1296687683 1.1618325 0.8481534
[152,]  0.0791417591 1.2483396 0.9920047
[153,] -0.0078515885 1.0954909 1.1876582
[154,] -0.1191740834 0.9483548 0.8387264
[155,] -0.0432686079 1.3429443 0.9555779
[156,]  0.0724432739 0.5558936 0.7036323
[157,]  0.0245864636 0.7248189 0.9936977
[158,] -0.0244943497 1.2175142 0.9816230
[159,]  0.1083641900 1.1477948 1.1873752
[160,]  0.0295095379 0.9655784 0.9050124
[161,]  0.1670120041 1.1108691 0.9683756
[162,] -0.2008923833 1.1188597 0.8179042
[163,]  0.2199394787 0.9679810 1.2395817
[164,]  0.1017360186 1.0357340 0.6577118
[165,] -0.0840403964 0.9879788 0.7842296
[166,]  0.2341615984 1.0541411 1.1648895
[167,]  0.0204000468 1.1521635 1.3589503
[168,]  0.1080678258 1.1051314 1.1169087
[169,] -0.0022377434 1.0431588 0.6495617
[170,] -0.1161487658 1.1183886 0.7922954
[171,] -0.0826797695 1.0734427 0.9059422
[172,] -0.0242426667 0.8977912 1.0149115
[173,]  0.1838180342 0.9937431 1.0203346
[174,]  0.1459025015 1.1966598 0.8957690
[175,]  0.0746796051 1.0178844 1.0609888
[176,] -0.1305792225 1.0423398 1.1393569
[177,]  0.0694702879 0.9033645 0.9290202
[178,] -0.0959551429 1.1622667 1.0190965
[179,] -0.0889705228 0.9369454 1.0192951
[180,]  0.1673851908 1.1591637 1.1142663
[181,] -0.0015960475 0.7518615 1.1093958
[182,]  0.1210403868 1.1052882 1.0624323
[183,] -0.0107881461 1.0332052 0.8221629
[184,]  0.0237017250 0.9077172 1.2260815
[185,] -0.1215035098 0.9855984 1.0996267
[186,] -0.1075941351 1.0692980 0.8305295
[187,] -0.1404204872 0.9990932 1.1630017
[188,] -0.0379881571 0.9223849 1.1132798
[189,]  0.0512293869 0.8901664 1.2393474
[190,] -0.0145594919 1.0227921 1.0494267
[191,] -0.0080472264 0.7872675 1.0580833
[192,]  0.1146908415 0.9988172 1.2544968
[193,]  0.1674035366 1.1236949 1.2600762
[194,] -0.2081061081 1.2810566 0.9095790
[195,]  0.0400730094 1.3501530 1.0604024
[196,]  0.2847332214 0.9681497 0.9725926
[197,] -0.0621037068 0.7392596 1.0311450
[198,]  0.0163594123 1.2478879 1.0403167
[199,]  0.0898224006 1.1273216 1.2642915
[200,] -0.1780429265 0.8271216 1.0375659
[201,] -0.1602123059 0.7724290 0.9915262
[202,]  0.0729158356 1.0477925 0.9046107
[203,]  0.0498943502 0.9834393 1.0325083
[204,]  0.0662134876 0.9650501 0.8130104
[205,] -0.1017551321 0.6415421 0.8735426
[206,]  0.1099866401 0.9611764 1.0452068
[207,] -0.0615703800 0.6700829 1.0262301
[208,] -0.0928419795 0.9641169 1.0290797
[209,]  0.0008788072 0.9807691 1.1273151
[210,] -0.0073195218 0.9416843 1.0664837
[211,] -0.0762932491 1.1063347 0.8666600
[212,] -0.2124889529 1.0430183 1.0251562
[213,] -0.1030572889 1.1205556 0.9159892
[214,]  0.0322017171 1.1144094 1.1397642
[215,] -0.0344242637 0.8485096 1.0884781
[216,]  0.0554362297 1.0499373 1.2192623
[217,]  0.0967131715 0.9125844 0.7965991
[218,]  0.1205367429 1.1393277 1.1384858
[219,]  0.0944753111 1.2275340 0.7609993
[220,] -0.0035446510 1.0822444 1.0032860
[221,]  0.1368420345 0.9656997 0.9122267
[222,] -0.1674630659 1.0488932 1.1006721
[223,] -0.0193109552 1.0571685 1.0764717
[224,]  0.0142809718 0.9912042 1.1545949
[225,]  0.1042259297 1.0839742 0.9678575
[226,]  0.0494338259 1.1067577 0.9053185
[227,] -0.0916874269 0.8860014 0.9987385
[228,] -0.0607604453 1.1295683 0.8618424
[229,] -0.0709274292 0.8070731 1.1586236
[230,] -0.0485993993 0.9039359 0.7556719
[231,]  0.0310649284 1.1755665 1.1353110
[232,]  0.1113427132 0.8185161 0.8222434
[233,]  0.1600740373 1.1113955 1.0669988
[234,] -0.1435641693 0.8545145 0.9442738
[235,] -0.0363162046 1.0405675 0.9769009
[236,] -0.0409015437 1.0736092 1.1155486
[237,]  0.1067081266 1.0502233 0.6512732
[238,] -0.1152436117 0.9174419 0.9354553
[239,] -0.0932730040 1.0786826 1.1224383
[240,] -0.2801489430 1.1422431 0.7956559
[241,] -0.0867796283 1.2267878 1.0038916
[242,] -0.0855124807 0.9714735 0.9066530
[243,] -0.0844497652 1.0147177 0.9462916
[244,] -0.0356754552 1.1545222 0.8633596
[245,] -0.1085180443 1.0451382 0.9979811
[246,]  0.0918098857 1.2460965 1.0438014
[247,]  0.0085314437 0.9147677 0.7098343
[248,]  0.0145982601 0.9232720 0.7191662
[249,] -0.0615018359 1.2306540 0.7452943
[250,]  0.0608002154 0.9086699 1.1724490
[251,] -0.0901997723 0.8758603 0.9769764
[252,]  0.0918945983 1.0304492 1.0231785
[253,] -0.0113112367 1.1335403 1.0243034
[254,]  0.0264442852 0.8456289 0.8245579
[255,] -0.1620139127 0.7821267 0.9943294
[256,] -0.0429694487 1.1609293 1.0990422
[257,]  0.0490629373 0.8147150 0.9550795
[258,] -0.0108870889 1.0075527 1.1113862
[259,] -0.0409812703 0.8452069 0.8942185
[260,] -0.1724021329 0.7457465 0.8718521
[261,] -0.0117932548 1.1073440 0.9531126
[262,]  0.0822570139 1.1144725 0.8890842
[263,] -0.0990672395 0.8307305 0.7701080
[264,]  0.1104635044 0.8595580 0.9084821
[265,]  0.0112795750 0.6915467 1.1981078
[266,]  0.0841299172 1.0563943 1.0476445
[267,] -0.2181078492 1.0909223 0.8636630
[268,]  0.1467047253 0.8543149 1.1118278
[269,] -0.2242891326 0.9039013 0.9979198
[270,] -0.0164333530 1.1084052 0.8296525
[271,]  0.0483863302 1.2675763 0.7341142
[272,]  0.1750318618 0.9585995 1.2812032
[273,] -0.1594529271 0.8514053 0.7378538
[274,]  0.0929415005 1.0928962 0.9193747
[275,] -0.1682516265 1.0627867 1.2234887
[276,] -0.0235743345 0.9935137 1.0656483
[277,]  0.0538554523 1.1486300 1.2911472
[278,] -0.1202320390 1.0759638 0.9556259
[279,]  0.0599704091 1.1352814 1.1033554
[280,]  0.0151386109 1.0710665 0.9244076
[281,]  0.0001812781 0.8593112 0.9177881
[282,]  0.1122909454 0.9150028 1.0263317
[283,] -0.0885430017 1.0409577 0.8930248
[284,]  0.0061938442 0.9052341 1.1007656
[285,] -0.1036942598 1.1724031 0.9786671
[286,] -0.0703780546 1.0090230 0.9975497
[287,] -0.0214846058 0.9659031 1.0238909
[288,] -0.0036067015 1.0500824 1.2352195
[289,]  0.1528189340 0.6185609 0.8758758
[290,] -0.0464303456 1.0784716 0.7864572
[291,] -0.0387375331 1.2860257 0.8798467
[292,] -0.1360482735 0.8202765 1.2685977
[293,]  0.0513059216 0.7868543 1.0714851
[294,]  0.0609301336 0.8691333 0.8619673
[295,] -0.1053187596 0.9520995 1.2172623
[296,] -0.3240293250 1.1352484 0.9624660
[297,]  0.0728079964 1.0700885 1.0385868
[298,] -0.0100545492 1.0428235 0.9318398
[299,]  0.1419530961 1.0128216 0.6590378
[300,] -0.0675757569 0.7583383 0.8188293
[301,]  0.0366215860 1.1420910 0.8189736
[302,] -0.0217952339 1.2084199 1.1639973
[303,] -0.1094012687 1.0553458 1.0348428
[304,]  0.1748692719 1.0949081 1.0663776
[305,]  0.1588202531 1.2017336 1.1028671
[306,]  0.0623377182 0.8615449 0.7641228
[307,]  0.0694226364 0.9152737 0.8321697
[308,]  0.0422924423 0.8595974 0.8739037
[309,]  0.0848750087 0.6775628 0.9802622
[310,] -0.0966515966 1.1095319 1.1747687
[311,]  0.1691732386 0.8253419 0.8954533
[312,]  0.3600121376 1.1672189 1.0542760
[313,]  0.0933205226 1.0501539 1.0921637
[314,]  0.1015814701 0.9970343 0.8735450
[315,]  0.0465572100 1.2994580 0.9002528
[316,] -0.0743169924 0.8956452 0.9312696
[317,] -0.0122271921 1.1298557 0.8095132
[318,] -0.1117222813 0.9613003 0.9975376
[319,] -0.1419686952 0.9685863 0.8953373
[320,] -0.0421127784 1.2536568 1.0258762
[321,] -0.3290242354 0.8051144 0.7034009
[322,] -0.0111306687 0.8346247 1.0066181
[323,]  0.0795207106 1.1935826 0.8815418
[324,]  0.2058363266 1.1071106 1.3627403
[325,]  0.0499475848 1.1116251 1.0745571
[326,] -0.0812273406 1.0938764 1.1300784
[327,]  0.0256899151 0.8256333 0.7706381
[328,]  0.2407796917 1.1409692 1.2034634
[329,]  0.0588789143 0.9952284 1.0456396
[330,]  0.0157858735 0.9930284 0.8633857
[331,]  0.2156318828 1.2061402 1.2253106
[332,] -0.0567809919 0.8849596 0.7522252
[333,] -0.2251460574 1.1439248 1.0095500
[334,]  0.1979007593 0.7537002 1.1277069
[335,] -0.0265213891 0.8962292 0.9649730
[336,] -0.0270316066 1.1033302 0.9368066
[337,]  0.0107185791 0.7739951 0.3746266
[338,]  0.0459929428 0.9924140 1.0940406
[339,]  0.0296211636 1.1048558 1.0204096
[340,] -0.0056618058 1.1536042 0.9946919
[341,] -0.2284663320 1.0255352 1.1963157
[342,] -0.2214825873 0.8538994 0.9160442
[343,] -0.0719691148 1.1955288 1.2780853
[344,]  0.0962275934 1.0523497 0.7633215
[345,]  0.0025158647 0.9534129 0.9718770
[346,] -0.1392170094 1.1039795 0.7944691
[347,]  0.0373092632 1.0921338 1.0071464
[348,]  0.0520682901 1.0055164 0.7123072
[349,] -0.0796003886 0.9886837 1.1258367
[350,] -0.1720976089 0.9843614 0.9712007
[351,] -0.2511827946 1.1407580 0.8705466
[352,] -0.0407243722 0.8521237 1.0263541
[353,]  0.0570571675 1.2218831 0.8270725
[354,] -0.0595324482 1.3053300 0.9185394
[355,] -0.2486253683 0.9298664 0.8170008
[356,] -0.1222613538 1.5660328 1.1654690
[357,]  0.0372448448 1.0613037 0.8928860
[358,] -0.0293638596 0.9345717 0.9737615
[359,]  0.1426033720 0.9793059 1.4280637
[360,]  0.0743039622 0.8567471 0.9921533
[361,] -0.2573537493 1.0345641 1.1468606
[362,] -0.0603517918 0.6987749 1.0429665
[363,]  0.2602173952 1.0018489 0.9772352
[364,]  0.1753213402 1.0477607 1.0267226
[365,]  0.1505381508 1.0604101 0.9956789
[366,]  0.0663649148 1.0007969 0.9604670
[367,] -0.0624844581 1.1186783 1.0935336
[368,] -0.2606300078 1.0599060 0.7729960
[369,] -0.0769334367 1.1865217 0.8830752
[370,] -0.1516732411 0.9377338 0.5766529
[371,]  0.0976854721 1.0673854 0.9735874
[372,]  0.1209996264 1.0167544 0.9781830
[373,]  0.0232630609 1.0324227 1.1507373
[374,] -0.0612709915 1.1495438 0.7254008
[375,]  0.0317659086 1.0195158 1.0335188
[376,]  0.0196877624 0.9333407 0.9200195
[377,]  0.0344407758 1.0136949 0.8988895
[378,]  0.0735528171 0.9145868 1.3049734
[379,] -0.0099798064 1.0148808 1.0732353
[380,] -0.0472476984 0.9450444 0.8540075
[381,] -0.0080673167 0.9728716 0.9681196
[382,] -0.1038053303 1.0203496 0.7319691
[383,]  0.0868763585 0.8691045 0.9919693
[384,]  0.1039405988 1.1018579 1.1324315
[385,]  0.0218605484 1.1040631 1.0263665
[386,]  0.0216883782 0.9480275 1.2130063
[387,]  0.0573708632 0.9832527 0.9910765
[388,]  0.0203117913 0.9958218 0.7596658
[389,] -0.0086009659 1.0076993 1.0758983
[390,]  0.0657654774 1.0650857 1.0733337
[391,]  0.0010145317 1.2636534 0.9063893
[392,]  0.1246672138 0.8324011 1.3031473
[393,]  0.1625995457 1.2587072 0.9529383
[394,] -0.0457398030 0.9712545 0.8115843
[395,] -0.0866642102 1.0290918 0.9517912
[396,]  0.1428182636 1.1833836 1.0786832
[397,]  0.0933692284 0.9648900 0.9832751
[398,] -0.1332743629 0.9910611 0.9766303
[399,] -0.1394333176 1.1657484 0.9414294
[400,]  0.0942126709 0.8665417 0.9561015
[401,] -0.0332892895 1.0304363 1.1139652
[402,] -0.0571638767 1.0381414 1.2587656
[403,] -0.0322241711 1.1271099 1.3167916
[404,]  0.1362281254 1.4246623 0.9031951
[405,] -0.0371803433 0.9661727 0.9034537
[406,]  0.0271831622 0.9253758 1.1969820
[407,]  0.0735600502 0.9837057 1.0166575
[408,] -0.0958727660 0.8404375 0.8931746
[409,] -0.0341917815 1.2255549 1.1362988
[410,] -0.0067099964 0.7865545 1.0098828
[411,] -0.1390645163 0.8621663 0.9837076
[412,] -0.0195253949 0.9424886 0.7186224
[413,] -0.0171951278 0.8892204 1.0644499
[414,]  0.1466347661 1.3739178 1.0665444
[415,] -0.0192590927 0.9535505 1.1344779
[416,] -0.0904085371 0.8113352 0.8827754
[417,] -0.0792740235 1.1401887 0.8032415
[418,] -0.2413435028 1.0581278 0.6977874
[419,] -0.1313971351 1.0088910 0.7651983
[420,]  0.2220199875 0.9341597 1.1197734
[421,] -0.0084136813 0.8711958 1.2358239
[422,]  0.0440986307 0.8034569 1.3608055
[423,] -0.1045384927 1.1443991 0.9517016
[424,]  0.0374765795 1.0041761 0.9379332
[425,]  0.0802155630 0.8413123 0.9979882
[426,]  0.0172792807 0.9062103 0.7475742
[427,]  0.0630697249 0.9763628 0.8504677
[428,]  0.0057163403 1.1545235 1.2446597
[429,] -0.0039353169 1.2861137 0.9662934
[430,]  0.0052124237 1.2797911 1.3703990
[431,]  0.0606150898 1.0600050 1.0283383
[432,] -0.1438188056 0.7082781 1.1122998
[433,] -0.0199857650 1.2422470 1.0786866
[434,] -0.0076522644 0.8593611 0.6858561
[435,]  0.1039094919 0.8089408 0.5546448
[436,] -0.0899870415 1.1105422 0.9605519
[437,] -0.1492115180 1.2657165 1.4193636
[438,]  0.0565230830 1.2395520 1.3288281
[439,]  0.0437086453 1.1526864 1.2079436
[440,] -0.2047008400 1.1527754 0.7559012
[441,] -0.1230234771 0.7301506 1.2847009
[442,] -0.1369028547 0.9688024 0.7888998
[443,]  0.1729228517 1.0731034 1.0644311
[444,] -0.1337803082 0.9782485 1.0954818
[445,] -0.0319081607 0.9006067 1.0074752
[446,]  0.1263245416 1.3360423 1.0241330
[447,]  0.1299339519 1.0476101 1.1621610
[448,]  0.0394787666 1.1766977 0.9913947
[449,] -0.0597202282 0.8707739 1.0635053
[450,]  0.0042296192 0.8570454 1.0491843
[451,]  0.0972127835 1.0500654 1.0294273
[452,] -0.0362889428 0.7789084 1.1349140
[453,] -0.0159386473 0.9166259 0.8800360
[454,]  0.1073350338 1.0321602 1.0551366
[455,] -0.1145281962 1.0580881 0.6846159
[456,] -0.2807151102 1.1180108 1.0234057
[457,]  0.0319166643 1.1088781 1.0825942
[458,] -0.0834896887 0.9091918 0.8311009
[459,] -0.0690967679 0.8801278 1.1733545
[460,]  0.0048847188 1.1556442 0.8896239
[461,]  0.1043872874 0.9197539 1.5088835
[462,]  0.0832613357 0.7250168 0.7706920
[463,] -0.1589972507 1.2437830 1.0790069
[464,] -0.1207486322 0.9369106 0.9728079
[465,] -0.0142343728 0.9583633 0.7818125
[466,] -0.0268882183 1.0946912 1.0226145
[467,]  0.0946898864 0.9574068 1.1832685
[468,]  0.0339546116 1.0565846 1.0533673
[469,]  0.1243541045 1.0265815 1.1656590
[470,]  0.1231214981 0.7734052 1.0494108
[471,]  0.1016925827 1.1497608 1.0776598
[472,] -0.1139061176 1.0097984 0.4875151
[473,] -0.3468438857 1.0943125 0.9153877
[474,]  0.0671450300 1.0158838 1.1109384
[475,] -0.0789746156 0.7647200 1.1833265
[476,]  0.1119888234 1.2613821 1.1065259
[477,] -0.1651587396 0.9701382 0.9306572
[478,] -0.0802916783 1.0298863 0.9850471
[479,] -0.0392427235 1.2128197 1.1097158
[480,]  0.0193491683 1.0451559 0.8555146
[481,] -0.0102359271 1.0756704 0.8967892
[482,]  0.0552929485 1.2657050 1.1402056
[483,] -0.0931011656 0.7378747 1.2255924
[484,]  0.0693110293 0.8481321 0.8739068
[485,] -0.0670737780 0.9580536 1.0457391
[486,] -0.0022536885 1.1528707 1.0302613
[487,] -0.0186091833 1.1102846 1.0301326
[488,]  0.0295175120 0.8766625 0.9762942
[489,] -0.0499511911 0.9148656 1.0240729
[490,]  0.1307102699 1.1065913 0.8804675
[491,]  0.1972190326 1.1024488 1.0773120
[492,] -0.0196211117 0.9778799 0.9676340
[493,]  0.1605928645 0.8065696 1.2811450
[494,] -0.0763830317 1.0246396 0.9859857
[495,] -0.0001522845 1.0340907 1.3513545
[496,] -0.0300016121 0.8780413 0.8264765
[497,] -0.1841190945 0.7578638 0.8460226
[498,] -0.0755494222 1.1153018 1.2216547
[499,]  0.2478110092 1.2362216 0.8847294
[500,]  0.0593634414 1.1661110 0.8163023

