$RE_RF
[1] 4.697668

$RE_CXls
[1] 4.66683

$RF_2_imput
                  [,1]
Q1_bias    0.027814344
mean_bias -0.007176857
Q3_bias   -0.053813163
MSE        0.415695422

$CXls_imput
                 [,1]
Q1_bias    0.06963863
mean_bias -0.00472316
Q3_bias   -0.09663230
MSE        0.17430379

$bias_sd_OLS
                   beta.t         bias       Esd       Asd    CP
(Intercept) -0.0007494655 -0.001966754 0.1436004 0.1433297 0.952
X1           0.3673821061  0.004801926 0.2158983 0.2047835 0.942
X2           0.3684594953  0.004695112 0.2169411 0.2093174 0.930

$bias_sd_RF
                   beta.t         bias         sd
(Intercept) -0.0007494655 -0.006422483 0.08117806
X1           0.3673821061 -0.048944653 0.08142698
X2           0.3684594953  0.051204297 0.07779378

$bias_sd_CXls
                   beta.t         bias        Esd     Asd_IF    CP  RE_beta
(Intercept) -0.0007494655 -0.003929690 0.07881764 0.07612156 0.946 1.088832
X1           0.3673821061  0.001335673 0.09827411 0.09739189 0.950 4.827773
X2           0.3684594953  0.001914647 0.09279460 0.09380997 0.934 5.465840

$pcd_OLS
[1] 0.8527089 0.1190497

$VF_OLS
[1] 0.99443378 0.07883966

$pcd_RF
[1] 0.92419000 0.03778888

$VF_RF
[1] 1.03807056 0.01604375

$pcd_CXls
[1] 0.92948455 0.03815278

$VF_Cxls
[1] 1.04034807 0.01644825

$VF_0
 mean_V0    sd_V0 
1.066172 1.735787 

$VF_B0
mean_VB0   sd_VB0 
1.055302 1.704970 

$PCD_vals_RF
  [1] 0.9329091 0.9316364 0.9585455 0.8247273 0.9052727 0.9544545 0.9596364
  [8] 0.9768182 0.8647273 0.9030000 0.8965455 0.8442727 0.9683636 0.8699091
 [15] 0.8860000 0.9410909 0.9305455 0.8778182 0.9667273 0.9160909 0.9696364
 [22] 0.9040000 0.9810000 0.9378182 0.9414545 0.9297273 0.9314545 0.9080000
 [29] 0.9725455 0.9691818 0.9352727 0.9763636 0.8511818 0.9570000 0.9522727
 [36] 0.9268182 0.9201818 0.9488182 0.9094545 0.9201818 0.8889091 0.9447273
 [43] 0.8977273 0.9667273 0.9841818 0.8852727 0.8532727 0.9395455 0.8768182
 [50] 0.9458182 0.8963636 0.9459091 0.8950000 0.9311818 0.9010909 0.9754545
 [57] 0.9820909 0.9777273 0.9586364 0.9024545 0.8706364 0.8719091 0.9256364
 [64] 0.9122727 0.8967273 0.9863636 0.9664545 0.9461818 0.9678182 0.8937273
 [71] 0.8959091 0.9033636 0.8497273 0.9460000 0.9526364 0.8890909 0.9442727
 [78] 0.8558182 0.9022727 0.9280909 0.9340909 0.9420909 0.9518182 0.9538182
 [85] 0.9620909 0.9574545 0.8018182 0.9703636 0.9420909 0.9520000 0.9643636
 [92] 0.9199091 0.9039091 0.9648182 0.9600909 0.9434545 0.9781818 0.9013636
 [99] 0.9413636 0.9565455 0.9130909 0.9360909 0.9185455 0.8763636 0.9070909
[106] 0.8775455 0.8905455 0.9391818 0.9423636 0.9472727 0.8712727 0.9258182
[113] 0.9768182 0.9223636 0.8992727 0.9080909 0.9556364 0.9096364 0.9039091
[120] 0.8509091 0.8812727 0.9530909 0.9548182 0.9684545 0.9063636 0.9428182
[127] 0.8476364 0.8406364 0.8929091 0.8458182 0.9491818 0.9265455 0.9312727
[134] 0.9069091 0.9377273 0.9591818 0.9423636 0.8757273 0.9670000 0.9020000
[141] 0.9440909 0.8981818 0.9512727 0.9379091 0.9240909 0.9422727 0.8739091
[148] 0.9632727 0.9161818 0.9569091 0.9344545 0.8851818 0.9356364 0.9377273
[155] 0.9454545 0.9323636 0.8859091 0.9430000 0.8813636 0.8498182 0.9624545
[162] 0.9554545 0.8510000 0.9826364 0.9275455 0.9359091 0.9197273 0.9607273
[169] 0.9412727 0.8974545 0.8708182 0.9573636 0.9328182 0.9440909 0.9506364
[176] 0.9657273 0.9605455 0.8706364 0.9630000 0.9515455 0.8538182 0.9154545
[183] 0.8966364 0.9575455 0.9542727 0.9408182 0.9089091 0.9562727 0.8915455
[190] 0.9703636 0.8204545 0.9063636 0.9062727 0.8753636 0.9797273 0.8739091
[197] 0.9376364 0.9340000 0.9713636 0.8898182 0.9630909 0.9274545 0.9227273
[204] 0.8928182 0.9688182 0.8802727 0.9167273 0.9432727 0.9425455 0.9184545
[211] 0.9608182 0.9352727 0.9806364 0.9140909 0.9395455 0.9180909 0.9169091
[218] 0.9744545 0.9035455 0.9336364 0.9318182 0.9143636 0.9193636 0.8693636
[225] 0.9720000 0.9193636 0.8679091 0.8982727 0.9644545 0.9619091 0.8812727
[232] 0.9392727 0.8922727 0.9540909 0.9451818 0.9431818 0.9103636 0.7762727
[239] 0.8950000 0.9172727 0.9167273 0.9071818 0.9616364 0.9423636 0.9289091
[246] 0.9510909 0.9053636 0.9528182 0.9800000 0.9405455 0.9838182 0.9137273
[253] 0.8730000 0.9511818 0.8537273 0.9097273 0.9656364 0.8780000 0.8847273
[260] 0.8812727 0.8221818 0.9188182 0.8649091 0.9338182 0.8332727 0.9517273
[267] 0.9591818 0.9036364 0.9117273 0.8690000 0.9582727 0.9277273 0.9390909
[274] 0.8660000 0.9761818 0.8587273 0.8984545 0.9190909 0.8803636 0.9367273
[281] 0.9651818 0.9317273 0.9339091 0.9044545 0.8660000 0.9507273 0.9557273
[288] 0.9173636 0.9467273 0.8851818 0.9755455 0.9255455 0.9275455 0.9435455
[295] 0.8643636 0.9669091 0.9827273 0.9538182 0.9844545 0.9109091 0.9683636
[302] 0.9217273 0.9659091 0.9175455 0.9267273 0.9458182 0.9144545 0.8683636
[309] 0.9462727 0.9835455 0.9671818 0.8891818 0.9347273 0.9286364 0.8817273
[316] 0.9047273 0.9554545 0.9311818 0.9711818 0.9328182 0.9613636 0.9030000
[323] 0.9116364 0.9649091 0.9033636 0.8579091 0.9267273 0.9200000 0.9424545
[330] 0.9175455 0.9332727 0.9098182 0.9863636 0.9666364 0.8970909 0.9365455
[337] 0.9398182 0.9694545 0.9180000 0.9949091 0.9249091 0.9664545 0.9221818
[344] 0.9224545 0.9367273 0.8971818 0.9030909 0.9116364 0.9538182 0.9842727
[351] 0.9450000 0.8990909 0.8625455 0.9769091 0.8912727 0.8882727 0.9543636
[358] 0.9437273 0.9046364 0.9759091 0.8948182 0.9079091 0.8771818 0.9498182
[365] 0.9004545 0.9097273 0.8958182 0.9111818 0.9227273 0.9457273 0.9551818
[372] 0.8851818 0.9587273 0.9706364 0.7980909 0.9202727 0.9079091 0.9183636
[379] 0.9411818 0.8884545 0.9146364 0.8766364 0.9580000 0.9140909 0.9510909
[386] 0.9201818 0.9782727 0.9122727 0.9296364 0.9145455 0.9828182 0.9637273
[393] 0.9812727 0.8876364 0.8715455 0.9342727 0.9295455 0.9183636 0.8758182
[400] 0.9317273 0.9660000 0.8385455 0.9369091 0.9016364 0.8343636 0.9849091
[407] 0.9639091 0.8866364 0.8864545 0.9449091 0.9002727 0.9239091 0.9191818
[414] 0.9735455 0.8477273 0.9610909 0.9545455 0.9425455 0.9741818 0.9617273
[421] 0.9340909 0.9294545 0.9403636 0.8911818 0.9403636 0.9035455 0.8801818
[428] 0.9287273 0.9421818 0.8938182 0.9298182 0.9220000 0.8335455 0.8826364
[435] 0.9770909 0.9276364 0.9013636 0.9624545 0.9530909 0.8766364 0.9715455
[442] 0.9484545 0.9017273 0.8782727 0.9764545 0.9462727 0.8384545 0.9117273
[449] 0.9097273 0.9510000 0.9902727 0.9504545 0.9701818 0.9119091 0.8899091
[456] 0.9445455 0.9490000 0.9137273 0.9423636 0.9521818 0.9910909 0.9505455
[463] 0.9409091 0.9311818 0.9328182 0.9168182 0.9009091 0.8628182 0.9677273
[470] 0.8863636 0.9288182 0.9750000 0.9836364 0.9133636 0.8640000 0.9320000
[477] 0.9045455 0.9396364 0.9130000 0.8423636 0.8610000 0.8720909 0.9647273
[484] 0.8890909 0.9420000 0.9343636 0.9240909 0.9737273 0.8577273 0.9777273
[491] 0.9867273 0.8990000 0.9124545 0.8790909 0.8698182 0.9266364 0.9192727
[498] 0.9608182 0.9321818 0.9270000

$PCD_vals_CXLS
  [1] 0.8935455 0.9430909 0.9201818 0.7572727 0.8944545 0.9774545 0.9463636
  [8] 0.9567273 0.8945455 0.9409091 0.9252727 0.8750909 0.9674545 0.8645455
 [15] 0.8538182 0.9519091 0.9301818 0.9286364 0.9012727 0.7600000 0.8832727
 [22] 0.9516364 0.9297273 0.9780000 0.9750909 0.9405455 0.9200909 0.9259091
 [29] 0.9773636 0.9370000 0.8720909 0.9825455 0.8683636 0.9450000 0.9323636
 [36] 0.8978182 0.8937273 0.9587273 0.9320909 0.9340909 0.9126364 0.9300909
 [43] 0.8763636 0.9678182 0.9329091 0.9072727 0.9385455 0.9132727 0.8901818
 [50] 0.8457273 0.8937273 0.8833636 0.8744545 0.9530909 0.9524545 0.9528182
 [57] 0.9471818 0.9339091 0.9572727 0.9254545 0.8794545 0.9600909 0.9820000
 [64] 0.9313636 0.8489091 0.9750000 0.9405455 0.9394545 0.9596364 0.9428182
 [71] 0.9287273 0.9409091 0.8875455 0.9314545 0.9322727 0.9420000 0.9380000
 [78] 0.9034545 0.9880909 0.9253636 0.9380000 0.9359091 0.9368182 0.9300909
 [85] 0.9473636 0.9135455 0.8450909 0.9401818 0.9610000 0.9520000 0.9524545
 [92] 0.9780000 0.9499091 0.9629091 0.9761818 0.9160909 0.9473636 0.9060909
 [99] 0.9238182 0.9737273 0.9041818 0.9373636 0.9320000 0.9506364 0.9292727
[106] 0.8970000 0.9273636 0.9510000 0.8573636 0.9500909 0.8886364 0.9066364
[113] 0.9556364 0.9423636 0.7511818 0.9431818 0.8958182 0.9040909 0.9937273
[120] 0.8623636 0.9299091 0.9790909 0.9348182 0.9780909 0.9670000 0.9426364
[127] 0.8831818 0.8328182 0.9120909 0.8614545 0.9490909 0.8985455 0.9382727
[134] 0.9087273 0.9670000 0.9273636 0.9269091 0.8445455 0.9542727 0.9227273
[141] 0.9671818 0.9692727 0.9541818 0.9647273 0.9468182 0.9461818 0.9109091
[148] 0.9744545 0.8855455 0.9520000 0.9616364 0.8919091 0.9338182 0.9910909
[155] 0.9382727 0.9687273 0.8945455 0.9546364 0.9736364 0.8800909 0.9666364
[162] 0.9795455 0.8710909 0.9794545 0.9155455 0.9803636 0.9563636 0.9677273
[169] 0.9230909 0.9128182 0.9194545 0.9402727 0.9032727 0.9408182 0.9314545
[176] 0.9777273 0.9515455 0.9486364 0.9462727 0.9718182 0.8570909 0.9528182
[183] 0.9603636 0.8665455 0.9744545 0.9660909 0.9179091 0.8881818 0.9141818
[190] 0.9748182 0.8840000 0.9100909 0.8215455 0.9021818 0.9644545 0.9460000
[197] 0.9340909 0.9354545 0.9342727 0.8824545 0.9581818 0.9301818 0.9498182
[204] 0.8880909 0.9117273 0.9644545 0.9492727 0.9760000 0.9837273 0.9462727
[211] 0.9594545 0.8740909 0.9977273 0.9161818 0.9580000 0.9379091 0.9850000
[218] 0.9749091 0.9405455 0.9317273 0.9184545 0.8921818 0.9277273 0.9232727
[225] 0.9390000 0.9464545 0.8561818 0.8926364 0.9420909 0.9277273 0.9000000
[232] 0.9621818 0.9547273 0.9326364 0.9456364 0.9184545 0.9427273 0.8375455
[239] 0.8455455 0.9397273 0.9770909 0.8988182 0.9423636 0.9495455 0.8995455
[246] 0.8855455 0.8353636 0.9666364 0.9466364 0.9352727 0.9768182 0.9813636
[253] 0.9220000 0.9255455 0.8753636 0.9789091 0.9493636 0.8823636 0.9124545
[260] 0.8535455 0.8430000 0.9198182 0.8459091 0.9640909 0.8649091 0.9678182
[267] 0.9601818 0.9084545 0.9615455 0.9071818 0.9829091 0.9490909 0.9084545
[274] 0.9226364 0.9572727 0.9420909 0.9029091 0.9165455 0.9303636 0.9696364
[281] 0.9699091 0.9433636 0.9412727 0.9231818 0.9324545 0.8766364 0.9206364
[288] 0.9027273 0.9599091 0.9228182 0.9692727 0.9905455 0.9400909 0.9342727
[295] 0.9102727 0.9184545 0.9470000 0.9460909 0.9871818 0.9417273 0.9389091
[302] 0.9306364 0.9742727 0.9353636 0.9579091 0.9286364 0.9585455 0.8735455
[309] 0.9253636 0.9233636 0.9542727 0.8721818 0.9375455 0.9021818 0.8959091
[316] 0.8790909 0.9079091 0.9479091 0.9595455 0.9251818 0.9609091 0.9387273
[323] 0.9270909 0.9561818 0.8212727 0.8311818 0.9852727 0.9284545 0.9171818
[330] 0.9303636 0.9008182 0.8811818 0.9763636 0.9220909 0.8840000 0.9853636
[337] 0.9381818 0.9158182 0.8759091 0.9779091 0.9467273 0.9609091 0.9405455
[344] 0.9278182 0.9413636 0.9182727 0.9574545 0.9258182 0.9692727 0.9066364
[351] 0.9587273 0.9064545 0.9112727 0.9136364 0.9640909 0.9407273 0.9342727
[358] 0.9668182 0.8948182 0.9827273 0.9350909 0.9229091 0.9190909 0.9316364
[365] 0.9341818 0.9658182 0.9113636 0.9530000 0.9262727 0.9406364 0.9195455
[372] 0.9490000 0.9382727 0.9603636 0.8012727 0.9915455 0.9270000 0.9067273
[379] 0.9391818 0.8972727 0.9245455 0.8956364 0.8940000 0.8998182 0.9721818
[386] 0.9134545 0.9200000 0.9844545 0.9794545 0.9590000 0.9659091 0.9843636
[393] 0.9341818 0.9466364 0.9412727 0.9106364 0.9382727 0.9160909 0.9145455
[400] 0.9432727 0.9182727 0.8363636 0.9478182 0.9802727 0.9041818 0.9502727
[407] 0.9717273 0.9200909 0.8868182 0.8830909 0.9726364 0.9260909 0.9305455
[414] 0.9623636 0.8961818 0.9908182 0.9438182 0.9400909 0.9466364 0.9653636
[421] 0.9710000 0.9139091 0.9445455 0.9130000 0.9347273 0.9035455 0.9087273
[428] 0.9380000 0.9580000 0.8771818 0.9216364 0.9480000 0.8572727 0.8140000
[435] 0.9410909 0.9255455 0.9274545 0.9376364 0.9796364 0.9060909 0.9559091
[442] 0.9606364 0.9388182 0.9237273 0.9408182 0.9714545 0.8479091 0.9930909
[449] 0.8843636 0.9582727 0.9484545 0.9753636 0.9680000 0.8985455 0.9262727
[456] 0.9493636 0.9570000 0.9201818 0.9220909 0.9424545 0.9837273 0.9786364
[463] 0.9684545 0.8690909 0.9700909 0.9744545 0.9314545 0.9370909 0.9667273
[470] 0.8640000 0.9165455 0.9300909 0.9422727 0.9141818 0.9226364 0.9650000
[477] 0.9087273 0.9182727 0.9758182 0.8430000 0.9165455 0.9111818 0.9465455
[484] 0.9432727 0.9750000 0.9787273 0.8800909 0.8816364 0.9544545 0.9122727
[491] 0.9317273 0.9000000 0.9207273 0.9370909 0.9135455 0.9937273 0.9347273
[498] 0.9527273 0.8788182 0.9484545

$PCD_vals_oLS
  [1] 0.8876364 0.9440909 0.9318182 0.7318182 0.8655455 0.9586364 0.9281818
  [8] 0.8743636 0.9866364 0.9269091 0.8257273 0.8925455 0.9127273 0.7318182
 [15] 0.8880909 0.9567273 0.9516364 0.8990909 0.8490909 0.7768182 0.9860909
 [22] 0.5090000 0.9337273 0.9236364 0.9028182 0.8160000 0.7376364 0.7582727
 [29] 0.9188182 0.9352727 0.8342727 0.9479091 0.8544545 0.9070909 0.7545455
 [36] 0.8617273 0.7680909 0.8490000 0.9274545 0.9570000 0.7546364 0.9003636
 [43] 0.8614545 0.9177273 0.8730000 0.8359091 0.3571818 0.9281818 0.5639091
 [50] 0.8862727 0.8786364 0.9191818 0.7690909 0.8209091 0.8653636 0.7841818
 [57] 0.8467273 0.7650000 0.9305455 0.7969091 0.7767273 0.7903636 0.8107273
 [64] 0.9303636 0.8772727 0.9490909 0.9331818 0.9595455 0.8348182 0.6264545
 [71] 0.5461818 0.9278182 0.9648182 0.8877273 0.8034545 0.8960000 0.9149091
 [78] 0.7907273 0.9878182 0.9542727 0.9077273 0.9800000 0.9331818 0.9494545
 [85] 0.9780909 0.9160909 0.6608182 0.9860000 0.9339091 0.9210909 0.9030000
 [92] 0.8732727 0.8644545 0.9576364 0.9456364 0.9793636 0.9610909 0.7645455
 [99] 0.8425455 0.9391818 0.9800000 0.8795455 0.5056364 0.8375455 0.8559091
[106] 0.7373636 0.9630909 0.9530000 0.7737273 0.8230909 0.9579091 0.9553636
[113] 0.9131818 0.8999091 0.5810000 0.9090909 0.8392727 0.4401818 0.8450909
[120] 0.7785455 0.4866364 0.8961818 0.9424545 0.8931818 0.7170000 0.9312727
[127] 0.8471818 0.7443636 0.9720000 0.5862727 0.9815455 0.8954545 0.8912727
[134] 0.9017273 0.9867273 0.9735455 0.9007273 0.8649091 0.9358182 0.5263636
[141] 0.7494545 0.9610000 0.9263636 0.9699091 0.4362727 0.7850000 0.9697273
[148] 0.9740000 0.8767273 0.8499091 0.9555455 0.9447273 0.9690000 0.8813636
[155] 0.9617273 0.9484545 0.8432727 0.8716364 0.5672727 0.9480000 0.9475455
[162] 0.9508182 0.7154545 0.8672727 0.9272727 0.9002727 0.8380909 0.9410909
[169] 0.6088182 0.8976364 0.8712727 0.8864545 0.8342727 0.9531818 0.7956364
[176] 0.9725455 0.9584545 0.8151818 0.8470909 0.8367273 0.5719091 0.9799091
[183] 0.6482727 0.9588182 0.8828182 0.8936364 0.8580000 0.4962727 0.8560909
[190] 0.8463636 0.8082727 0.8642727 0.7744545 0.9039091 0.8850909 0.4721818
[197] 0.7965455 0.9615455 0.7594545 0.8509091 0.9315455 0.9007273 0.8330000
[204] 0.9960000 0.8798182 0.6805455 0.7527273 0.9616364 0.9101818 0.9046364
[211] 0.8521818 0.5040000 0.8568182 0.6889091 0.9188182 0.9352727 0.8319091
[218] 0.9269091 0.9100909 0.7885455 0.9687273 0.9229091 0.4793636 0.9092727
[225] 0.8894545 0.7771818 0.9006364 0.7897273 0.8761818 0.9025455 0.8552727
[232] 0.9634545 0.8411818 0.8617273 0.8978182 0.8381818 0.9221818 0.8583636
[239] 0.8916364 0.9530909 0.9435455 0.8776364 0.9060000 0.7492727 0.8171818
[246] 0.8053636 0.5634545 0.5762727 0.9140000 0.4023636 0.9030909 0.8386364
[253] 0.9112727 0.9026364 0.8747273 0.8836364 0.9375455 0.8210909 0.7320909
[260] 0.8155455 0.7860000 0.9519091 0.5296364 0.7309091 0.8041818 0.4865455
[267] 0.9467273 0.8772727 0.8401818 0.7559091 0.9676364 0.6680000 0.8291818
[274] 0.8432727 0.7951818 0.8485455 0.5379091 0.8938182 0.9342727 0.9219091
[281] 0.9706364 0.8929091 0.9832727 0.7016364 0.9337273 0.8964545 0.8985455
[288] 0.9744545 0.9580000 0.8951818 0.9221818 0.8367273 0.8902727 0.7791818
[295] 0.8547273 0.9269091 0.8846364 0.9272727 0.9685455 0.8842727 0.8710909
[302] 0.8971818 0.9698182 0.9084545 0.9790000 0.7950909 0.8358182 0.8968182
[309] 0.8966364 0.9867273 0.9703636 0.8804545 0.9164545 0.9270909 0.8856364
[316] 0.9455455 0.9518182 0.6087273 0.9670909 0.9390000 0.9732727 0.7178182
[323] 0.8560000 0.5256364 0.8088182 0.8202727 0.9129091 0.8861818 0.9451818
[330] 0.9616364 0.8875455 0.8982727 0.9403636 0.8650909 0.9526364 0.9820000
[337] 0.9640000 0.8701818 0.8619091 0.8520000 0.8794545 0.9426364 0.8895455
[344] 0.8281818 0.8939091 0.9500909 0.8070909 0.8678182 0.9050000 0.8337273
[351] 0.8867273 0.5633636 0.7496364 0.9477273 0.8883636 0.7351818 0.8762727
[358] 0.9120909 0.7754545 0.5311818 0.9769091 0.9262727 0.8770909 0.9307273
[365] 0.9682727 0.9490000 0.6072727 0.9140909 0.9170000 0.9611818 0.9600000
[372] 0.9093636 0.9290909 0.9367273 0.5305455 0.9034545 0.9670000 0.8805455
[379] 0.6874545 0.8812727 0.8787273 0.6512727 0.9807273 0.7220909 0.7822727
[386] 0.9773636 0.6092727 0.7768182 0.9422727 0.7764545 0.9635455 0.9282727
[393] 0.8979091 0.9098182 0.8494545 0.8169091 0.9197273 0.8025455 0.9214545
[400] 0.9415455 0.6615455 0.8504545 0.7408182 0.8680909 0.9285455 0.8358182
[407] 0.9152727 0.5174545 0.9281818 0.8878182 0.8930000 0.8469091 0.8790909
[414] 0.6119091 0.7100000 0.5240909 0.4350000 0.9185455 0.8050909 0.8533636
[421] 0.9350909 0.9153636 0.9132727 0.8726364 0.9729091 0.8294545 0.9661818
[428] 0.8765455 0.9166364 0.7573636 0.9355455 0.6782727 0.7805455 0.6442727
[435] 0.9143636 0.8400909 0.9761818 0.9214545 0.9700909 0.9075455 0.8600000
[442] 0.8896364 0.8719091 0.8092727 0.9240000 0.9167273 0.8290000 0.9376364
[449] 0.6989091 0.9138182 0.8260000 0.7110909 0.9076364 0.8987273 0.8890909
[456] 0.9783636 0.9120000 0.9644545 0.9418182 0.9431818 0.7840909 0.9328182
[463] 0.8834545 0.7759091 0.8083636 0.7582727 0.8495455 0.8655455 0.8784545
[470] 0.7166364 0.9476364 0.8560000 0.9846364 0.7418182 0.8217273 0.9725455
[477] 0.9787273 0.8617273 0.9025455 0.8989091 0.6980000 0.7694545 0.9333636
[484] 0.7450000 0.9044545 0.9193636 0.5134545 0.9658182 0.5685455 0.8918182
[491] 0.8339091 0.7997273 0.9265455 0.8763636 0.9501818 0.9228182 0.9206364
[498] 0.6570909 0.9361818 0.8979091

$V_RF
  [1] 1.0434631 1.0438287 1.0511802 0.9801326 1.0351137 1.0499249 1.0515164
  [8] 1.0538268 1.0119098 1.0312061 1.0345706 0.9975650 1.0525358 1.0144347
 [15] 1.0251860 1.0470176 1.0438487 1.0179050 1.0534069 1.0356120 1.0528738
 [22] 1.0337488 1.0543416 1.0450692 1.0458683 1.0424134 1.0442185 1.0310593
 [29] 1.0534488 1.0523247 1.0474923 1.0537066 1.0101441 1.0503005 1.0504045
 [36] 1.0410940 1.0434284 1.0505207 1.0400088 1.0385675 1.0222926 1.0473891
 [43] 1.0331929 1.0527342 1.0546485 1.0254032 1.0028671 1.0464785 1.0153263
 [50] 1.0504066 1.0270483 1.0508351 1.0296535 1.0422919 1.0310357 1.0539570
 [57] 1.0543498 1.0539769 1.0511540 1.0306792 1.0121056 1.0110386 1.0377926
 [64] 1.0387430 1.0265252 1.0546352 1.0529077 1.0498870 1.0524608 1.0279461
 [71] 1.0260618 1.0288091 0.9995107 1.0463073 1.0505403 1.0253677 1.0469947
 [78] 1.0029967 1.0313472 1.0406283 1.0456926 1.0467779 1.0478980 1.0513985
 [85] 1.0512216 1.0508820 0.9709591 1.0534871 1.0485013 1.0483819 1.0512214
 [92] 1.0373837 1.0321959 1.0520982 1.0511933 1.0477418 1.0542799 1.0332527
 [99] 1.0490542 1.0499319 1.0380994 1.0450598 1.0371073 1.0190558 1.0323508
[106] 1.0143430 1.0235967 1.0463229 1.0483198 1.0492743 1.0142906 1.0418272
[113] 1.0538904 1.0444944 1.0305726 1.0339668 1.0505359 1.0410450 1.0303309
[120] 1.0157790 1.0161265 1.0492558 1.0507559 1.0538182 1.0322719 1.0491233
[127] 0.9987762 0.9933714 1.0291137 1.0132494 1.0483191 1.0420096 1.0423561
[134] 1.0345514 1.0455416 1.0508910 1.0475085 1.0231869 1.0533476 1.0299996
[141] 1.0464367 1.0285217 1.0492712 1.0452513 1.0417944 1.0461528 1.0272626
[148] 1.0514822 1.0429381 1.0521166 1.0419161 1.0259537 1.0453392 1.0440335
[155] 1.0471411 1.0419134 1.0316416 1.0463519 1.0200353 1.0000426 1.0527286
[162] 1.0499211 1.0097762 1.0543622 1.0426204 1.0439491 1.0367974 1.0510579
[169] 1.0472836 1.0369208 1.0176646 1.0503399 1.0441812 1.0503339 1.0485874
[176] 1.0513718 1.0523521 1.0117831 1.0517679 1.0480387 1.0026369 1.0397772
[183] 1.0276608 1.0518990 1.0493403 1.0456721 1.0343063 1.0495116 1.0266148
[190] 1.0533013 0.9804197 1.0382854 1.0321982 1.0160499 1.0546443 1.0134050
[197] 1.0454235 1.0445493 1.0533143 1.0304785 1.0517661 1.0419997 1.0407956
[204] 1.0275997 1.0524726 1.0187984 1.0362306 1.0471493 1.0489863 1.0390548
[211] 1.0522388 1.0458820 1.0541731 1.0330493 1.0447293 1.0374600 1.0360410
[218] 1.0539904 1.0339637 1.0438052 1.0428163 1.0398156 1.0388537 1.0141195
[225] 1.0539100 1.0364622 1.0240502 1.0356261 1.0523620 1.0525719 1.0180341
[232] 1.0444635 1.0238212 1.0486082 1.0461727 1.0469723 1.0329648 0.9493417
[239] 1.0346660 1.0350705 1.0376674 1.0328395 1.0518269 1.0463566 1.0435315
[246] 1.0483406 1.0356497 1.0485823 1.0544468 1.0448459 1.0545462 1.0361475
[253] 1.0151211 1.0498430 1.0033836 1.0342671 1.0519003 1.0183584 1.0204027
[260] 1.0177074 0.9851202 1.0422683 1.0033239 1.0461420 0.9904124 1.0505267
[267] 1.0513966 1.0365299 1.0347858 1.0154932 1.0508322 1.0455398 1.0449899
[274] 1.0077452 1.0540955 1.0069766 1.0330746 1.0399546 1.0179953 1.0438195
[281] 1.0517951 1.0416199 1.0453514 1.0398693 1.0109250 1.0482824 1.0517313
[288] 1.0429757 1.0483438 1.0233137 1.0538973 1.0416716 1.0442409 1.0490984
[295] 1.0088804 1.0524049 1.0544893 1.0495292 1.0545452 1.0422808 1.0528487
[302] 1.0441438 1.0520352 1.0402473 1.0429270 1.0470570 1.0365046 1.0185504
[309] 1.0479552 1.0546327 1.0532140 1.0304460 1.0438931 1.0409362 1.0317402
[316] 1.0353059 1.0501740 1.0423570 1.0528077 1.0466613 1.0512092 1.0333335
[323] 1.0364001 1.0532049 1.0365422 1.0062697 1.0416217 1.0399658 1.0495407
[330] 1.0410432 1.0425964 1.0334125 1.0547223 1.0537197 1.0279944 1.0436094
[337] 1.0467103 1.0529061 1.0380941 1.0552341 1.0397112 1.0522332 1.0418327
[344] 1.0445648 1.0433012 1.0286728 1.0318410 1.0345454 1.0495442 1.0547202
[351] 1.0467661 1.0359485 1.0204516 1.0539751 1.0239672 1.0315894 1.0487005
[358] 1.0476349 1.0347396 1.0541115 1.0258874 1.0349821 1.0171918 1.0488399
[365] 1.0271790 1.0355849 1.0271944 1.0361229 1.0388382 1.0503228 1.0509518
[372] 1.0196713 1.0517868 1.0531576 0.9606565 1.0370140 1.0321274 1.0383312
[379] 1.0461350 1.0309892 1.0338275 1.0177321 1.0510978 1.0414326 1.0479107
[386] 1.0433109 1.0541649 1.0344586 1.0429216 1.0362712 1.0544692 1.0519280
[393] 1.0545924 1.0224386 1.0131499 1.0440564 1.0418031 1.0385866 1.0280045
[400] 1.0431829 1.0515731 0.9940353 1.0457697 1.0293286 0.9966368 1.0548337
[407] 1.0515817 1.0213289 1.0258541 1.0503577 1.0296600 1.0405862 1.0357286
[414] 1.0534439 1.0020752 1.0511171 1.0489488 1.0470235 1.0534376 1.0525552
[421] 1.0433490 1.0459995 1.0475005 1.0244678 1.0460279 1.0311581 1.0198674
[428] 1.0461695 1.0467939 1.0295762 1.0424316 1.0405618 0.9889865 1.0200896
[435] 1.0537091 1.0423255 1.0304202 1.0523064 1.0493497 1.0150283 1.0537820
[442] 1.0485268 1.0394781 1.0156996 1.0544037 1.0480939 0.9922633 1.0333516
[449] 1.0409314 1.0501415 1.0551153 1.0477723 1.0530635 1.0410015 1.0228665
[456] 1.0468749 1.0491793 1.0342769 1.0485508 1.0489497 1.0549911 1.0490780
[463] 1.0454628 1.0461541 1.0426211 1.0367441 1.0284417 1.0062873 1.0526596
[470] 1.0189564 1.0471933 1.0542972 1.0549007 1.0345573 1.0100502 1.0434272
[477] 1.0336403 1.0445282 1.0344827 0.9981848 1.0072033 1.0127369 1.0523571
[484] 1.0282453 1.0484638 1.0434716 1.0421946 1.0536633 1.0114573 1.0541001
[491] 1.0549495 1.0313721 1.0339734 1.0290154 1.0086611 1.0416666 1.0388532
[498] 1.0512859 1.0468692 1.0412671

$V_CXLS
  [1] 1.0259321 1.0471813 1.0387220 0.9352882 1.0286827 1.0542891 1.0491945
  [8] 1.0506458 1.0279413 1.0478939 1.0453135 1.0170706 1.0529335 1.0222408
 [15] 1.0015756 1.0518096 1.0423071 1.0453796 1.0314682 0.9301823 1.0202157
 [22] 1.0485772 1.0406371 1.0540435 1.0537200 1.0462559 1.0376997 1.0440403
 [29] 1.0537271 1.0481516 1.0237538 1.0544095 1.0270512 1.0475060 1.0437159
 [36] 1.0291502 1.0294772 1.0511902 1.0469113 1.0481596 1.0344320 1.0417961
 [43] 1.0161640 1.0530430 1.0427612 1.0357168 1.0453660 1.0362768 1.0231772
 [50] 1.0009939 1.0331817 1.0235991 1.0151217 1.0485124 1.0491906 1.0485908
 [57] 1.0482391 1.0427595 1.0520514 1.0408792 1.0293278 1.0522775 1.0541880
 [64] 1.0457652 0.9975432 1.0537178 1.0453974 1.0460030 1.0512983 1.0493634
 [71] 1.0415678 1.0465718 1.0232300 1.0420827 1.0439064 1.0469530 1.0452464
 [78] 1.0374275 1.0549605 1.0403395 1.0449264 1.0459039 1.0473455 1.0418567
 [85] 1.0486325 1.0366488 0.9968888 1.0448657 1.0530063 1.0502590 1.0479333
 [92] 1.0537548 1.0484773 1.0525879 1.0538333 1.0433230 1.0467946 1.0396016
 [99] 1.0440845 1.0538618 1.0398029 1.0449974 1.0424255 1.0516051 1.0416429
[106] 1.0250467 1.0410232 1.0478431 1.0062333 1.0511206 1.0277195 1.0324327
[113] 1.0499842 1.0466407 0.9328177 1.0463989 1.0286057 1.0391104 1.0551249
[120] 1.0163873 1.0420585 1.0543441 1.0438701 1.0544407 1.0518284 1.0471980
[127] 1.0230085 0.9887862 1.0378508 1.0199193 1.0502715 1.0280047 1.0469062
[134] 1.0360085 1.0530433 1.0449874 1.0408567 1.0068299 1.0512845 1.0431598
[141] 1.0524801 1.0526504 1.0501796 1.0517879 1.0471153 1.0499386 1.0402374
[148] 1.0534862 1.0256608 1.0501728 1.0510706 1.0243046 1.0442991 1.0550740
[155] 1.0468421 1.0524430 1.0278734 1.0506602 1.0536016 1.0273074 1.0525889
[162] 1.0542207 1.0228129 1.0539704 1.0375075 1.0544621 1.0518377 1.0531121
[169] 1.0399306 1.0375239 1.0417186 1.0463842 1.0323647 1.0497982 1.0469962
[176] 1.0541179 1.0511903 1.0481510 1.0481719 1.0527334 1.0036670 1.0496859
[183] 1.0504076 1.0089190 1.0533349 1.0524391 1.0423981 1.0215702 1.0366338
[190] 1.0539670 1.0192943 1.0389116 0.9835673 1.0300732 1.0518888 1.0467092
[197] 1.0438002 1.0481250 1.0450841 1.0253883 1.0524256 1.0433281 1.0487043
[204] 1.0289635 1.0373963 1.0524765 1.0488056 1.0543346 1.0543131 1.0503428
[211] 1.0507475 1.0151325 1.0552699 1.0365524 1.0511767 1.0472806 1.0549209
[218] 1.0532587 1.0469485 1.0429054 1.0374484 1.0304059 1.0416373 1.0408001
[225] 1.0451385 1.0465252 1.0196662 1.0342311 1.0470382 1.0414170 1.0286690
[232] 1.0511680 1.0488626 1.0431383 1.0494384 1.0426972 1.0459554 0.9936270
[239] 1.0035652 1.0444578 1.0539202 1.0298310 1.0461496 1.0487643 1.0359998
[246] 1.0214702 0.9937410 1.0520068 1.0499127 1.0432907 1.0541651 1.0544396
[253] 1.0392244 1.0453316 1.0163147 1.0541200 1.0474578 1.0224130 1.0392970
[260] 0.9996329 0.9967421 1.0423411 0.9937111 1.0518901 1.0094918 1.0526875
[267] 1.0524029 1.0348207 1.0526597 1.0350404 1.0546521 1.0500263 1.0329614
[274] 1.0383211 1.0519848 1.0482235 1.0390211 1.0384663 1.0409944 1.0525664
[281] 1.0527179 1.0457956 1.0472469 1.0436069 1.0437324 1.0147032 1.0387297
[288] 1.0367921 1.0518111 1.0399309 1.0524661 1.0550860 1.0481110 1.0441607
[295] 1.0339230 1.0431882 1.0478048 1.0477185 1.0549469 1.0485816 1.0489229
[302] 1.0434242 1.0536827 1.0474562 1.0505934 1.0458517 1.0507892 1.0204409
[309] 1.0433625 1.0384074 1.0508578 1.0233902 1.0470102 1.0279840 1.0364524
[316] 1.0296904 1.0338422 1.0470328 1.0512829 1.0405307 1.0510245 1.0477095
[323] 1.0456262 1.0518902 0.9942915 0.9878246 1.0548148 1.0423224 1.0408559
[330] 1.0429329 1.0354227 1.0210092 1.0542259 1.0414325 1.0197701 1.0548226
[337] 1.0457288 1.0372257 1.0159087 1.0538864 1.0479501 1.0513995 1.0481930
[344] 1.0459870 1.0478836 1.0391270 1.0525330 1.0445888 1.0527054 1.0340655
[351] 1.0514529 1.0392524 1.0396649 1.0366612 1.0520890 1.0488812 1.0434834
[358] 1.0521416 1.0334792 1.0544111 1.0432892 1.0446025 1.0424050 1.0428308
[365] 1.0465163 1.0530515 1.0402211 1.0510825 1.0404925 1.0481492 1.0374531
[372] 1.0474999 1.0483254 1.0518036 0.9654068 1.0551054 1.0425699 1.0335624
[379] 1.0452987 1.0347845 1.0385291 1.0292877 1.0285206 1.0282980 1.0536666
[386] 1.0375159 1.0374839 1.0545468 1.0545259 1.0512788 1.0519757 1.0546551
[393] 1.0448091 1.0486542 1.0470007 1.0328151 1.0483938 1.0361265 1.0381669
[400] 1.0468793 1.0362631 0.9917331 1.0479666 1.0547199 1.0342386 1.0508634
[407] 1.0533719 1.0376640 1.0242262 1.0208419 1.0531442 1.0409983 1.0407710
[414] 1.0512285 1.0333937 1.0550273 1.0495033 1.0477831 1.0480527 1.0521999
[421] 1.0535689 1.0385693 1.0483230 1.0365464 1.0437766 1.0380889 1.0348092
[428] 1.0461061 1.0508211 1.0195177 1.0389879 1.0491252 1.0097344 0.9758611
[435] 1.0453340 1.0449646 1.0448737 1.0448520 1.0541453 1.0315186 1.0508184
[442] 1.0518473 1.0493085 1.0382965 1.0472922 1.0536286 0.9984430 1.0551281
[449] 1.0223885 1.0511008 1.0490347 1.0540142 1.0534134 1.0329375 1.0433691
[456] 1.0482812 1.0508980 1.0378451 1.0390265 1.0480009 1.0548053 1.0539350
[463] 1.0524835 1.0141072 1.0529849 1.0536124 1.0409624 1.0478492 1.0533912
[470] 1.0097511 1.0378618 1.0431659 1.0468632 1.0419511 1.0396753 1.0522189
[477] 1.0355240 1.0359750 1.0536934 1.0087486 1.0337475 1.0330475 1.0482047
[484] 1.0469835 1.0534792 1.0541146 1.0183756 1.0202512 1.0513262 1.0352112
[491] 1.0427242 1.0359504 1.0381621 1.0487292 1.0329043 1.0551963 1.0464177
[498] 1.0502057 1.0281318 1.0484432

$V_OLS
  [1] 1.0320022 1.0498752 1.0437097 0.9094402 1.0118423 1.0522161 1.0459725
  [8] 1.0119600 1.0547333 1.0463706 0.9833174 1.0278177 1.0374497 0.9317367
 [15] 1.0199664 1.0509275 1.0488918 1.0273197 1.0046030 0.9446435 1.0547238
 [22] 0.7481340 1.0451907 1.0415764 1.0319553 0.9821937 0.9153404 0.9333247
 [29] 1.0368384 1.0436233 0.9897574 1.0488331 1.0081389 1.0336771 0.9507400
 [36] 1.0083395 0.9471837 1.0068269 1.0448887 1.0516335 0.9353349 1.0257696
 [43] 1.0075160 1.0384531 1.0114347 0.9960728 0.6514511 1.0455751 0.7881394
 [50] 1.0231633 1.0198679 1.0446475 0.9435714 0.9790737 1.0249673 0.9486393
 [57] 0.9995391 0.9609077 1.0426583 0.9644246 0.9669322 0.9533017 0.9703025
 [64] 1.0420187 1.0164006 1.0480937 1.0466802 1.0511353 0.9934640 0.8326935
 [71] 0.7632331 1.0458730 1.0515023 1.0304659 0.9676382 1.0327933 1.0367162
 [78] 0.9614133 1.0549769 1.0513938 1.0360862 1.0545355 1.0431407 1.0493680
 [85] 1.0542094 1.0369338 0.8656689 1.0547698 1.0439954 1.0433857 1.0287463
 [92] 1.0155203 1.0090945 1.0509652 1.0476504 1.0540532 1.0512804 0.9523254
 [99] 0.9998828 1.0453100 1.0542852 1.0290179 0.7518256 0.9917820 1.0039466
[106] 0.9239751 1.0517953 1.0515245 0.9460605 0.9803797 1.0506173 1.0515297
[113] 1.0345256 1.0310433 0.8063642 1.0359533 0.9923200 0.7323751 0.9960363
[120] 0.9670704 0.7437327 1.0353334 1.0461885 1.0273480 0.9051852 1.0433207
[127] 1.0154704 0.9224283 1.0537698 0.8075577 1.0542698 1.0252836 1.0237346
[134] 1.0302772 1.0549050 1.0538479 1.0388112 1.0152037 1.0450119 0.7690873
[141] 0.9269949 1.0516945 1.0438209 1.0537664 0.7068604 0.9584762 1.0527394
[148] 1.0541184 1.0218665 1.0115247 1.0506921 1.0464736 1.0527227 1.0162232
[155] 1.0517772 1.0472653 0.9962477 1.0155360 0.7810449 1.0487449 1.0478812
[162] 1.0490668 0.9118885 1.0121814 1.0401177 1.0283830 0.9922403 1.0474224
[169] 0.8286014 1.0308978 1.0270380 1.0237587 0.9906672 1.0500372 0.9841530
[176] 1.0526002 1.0509864 0.9743823 1.0006782 0.9840218 0.7974522 1.0544581
[183] 0.8498770 1.0510509 1.0184739 1.0292293 1.0205464 0.7514900 1.0052673
[190] 1.0151363 0.9735815 1.0150101 0.9509779 1.0360832 1.0230471 0.7269839
[197] 0.9590269 1.0521535 0.9324479 1.0142660 1.0458035 1.0376710 0.9901415
[204] 1.0552345 1.0220062 0.8784023 0.9479111 1.0525260 1.0405885 1.0312993
[211] 1.0050266 0.7526558 1.0056752 0.8807343 1.0383358 1.0436572 1.0039289
[218] 1.0423723 1.0415920 0.9597572 1.0521122 1.0441649 0.7346302 1.0327802
[225] 1.0261534 0.9507046 1.0296407 0.9804057 1.0160380 1.0375177 1.0036424
[232] 1.0524624 0.9968349 1.0214101 1.0288999 1.0097015 1.0447900 1.0074810
[239] 1.0347183 1.0484859 1.0498271 1.0185863 1.0340010 0.9227333 0.9971416
[246] 0.9687441 0.7928818 0.8003472 1.0361359 0.6907663 1.0394195 0.9868862
[253] 1.0387421 1.0356104 1.0185188 1.0204502 1.0450066 0.9969808 0.9078621
[260] 0.9925852 0.9594503 1.0501941 0.7657424 0.9255914 0.9686080 0.7362655
[267] 1.0477467 1.0194750 1.0022757 0.9249172 1.0527863 0.8784946 0.9847940
[274] 0.9972930 0.9599928 1.0038011 0.7758778 1.0352451 1.0425206 1.0437164
[281] 1.0526822 1.0246510 1.0547096 0.8916883 1.0445610 1.0256589 1.0350445
[288] 1.0533248 1.0515603 1.0341730 1.0389362 0.9923970 1.0344774 0.9435670
[295] 1.0023400 1.0465513 1.0215745 1.0439953 1.0530379 1.0316956 1.0197446
[302] 1.0268833 1.0537970 1.0367946 1.0540991 0.9621592 0.9850146 1.0304938
[309] 1.0293705 1.0548481 1.0533565 1.0159250 1.0437384 1.0407510 1.0273116
[316] 1.0500979 1.0491668 0.8116611 1.0528798 1.0459546 1.0532231 0.8992600
[323] 1.0043765 0.7597497 0.9792138 0.9820264 1.0358114 1.0308786 1.0483479
[330] 1.0510735 1.0297547 1.0264027 1.0447875 1.0123780 1.0484022 1.0547674
[337] 1.0514315 1.0143891 1.0067190 1.0036909 1.0283285 1.0484595 1.0247149
[344] 0.9866229 1.0320462 1.0492101 0.9695249 1.0176971 1.0310391 1.0051540
[351] 1.0214358 0.7742468 0.9498349 1.0487329 1.0222938 0.9169968 1.0175748
[358] 1.0397150 0.9600340 0.7711651 1.0540622 1.0432161 1.0152968 1.0431616
[365] 1.0531193 1.0493412 0.8209046 1.0422194 1.0402085 1.0510906 1.0511328
[372] 1.0345575 1.0420819 1.0454898 0.7745300 1.0295164 1.0519554 1.0306717
[379] 0.8808402 1.0291560 1.0159675 0.8561031 1.0543160 0.9057692 0.9668296
[386] 1.0544384 0.8218820 0.9435863 1.0488177 0.9517905 1.0523828 1.0419495
[393] 1.0298233 1.0347566 0.9995776 0.9749132 1.0392752 0.9639520 1.0397167
[400] 1.0493948 0.8593323 1.0064292 0.9384503 1.0110264 1.0422055 1.0022376
[407] 1.0375293 0.7640588 1.0426439 1.0241313 1.0302522 0.9991758 1.0235735
[414] 0.8201307 0.9066483 0.7488506 0.7109459 1.0434360 0.9674721 1.0064452
[421] 1.0446895 1.0412286 1.0375200 1.0147088 1.0533766 1.0005182 1.0530239
[428] 1.0258037 1.0377368 0.9322875 1.0454655 0.8727988 0.9496522 0.8427890
[435] 1.0420810 0.9925694 1.0537504 1.0420375 1.0537893 1.0328056 1.0025968
[442] 1.0253840 1.0170290 0.9812193 1.0422952 1.0414144 0.9837281 1.0442114
[449] 0.9041739 1.0394739 0.9876601 0.9008502 1.0334518 1.0282400 1.0236880
[456] 1.0542438 1.0402843 1.0515429 1.0458880 1.0480990 0.9630731 1.0434261
[463] 1.0209499 0.9573811 0.9699582 0.9324911 1.0051469 1.0096414 1.0197416
[470] 0.8970789 1.0479659 1.0050148 1.0548081 0.9394812 0.9963761 1.0526329
[477] 1.0540726 1.0076414 1.0306392 1.0297745 0.8831306 0.9412453 1.0459579
[484] 0.9238948 1.0317065 1.0382163 0.7586708 1.0528382 0.7900418 1.0240366
[491] 0.9871950 0.9697850 1.0436868 1.0199000 1.0508080 1.0421771 1.0403326
[498] 0.8597707 1.0446683 1.0383472

$Beta_CX
                [,1]        [,2]        [,3]
  [1,]  0.0988574766 0.241195045 0.420140862
  [2,] -0.0004117726 0.308492896 0.438312146
  [3,]  0.0788602837 0.414161295 0.280282969
  [4,] -0.2694511909 0.144545449 0.411839188
  [5,]  0.1490429013 0.506930940 0.336751879
  [6,] -0.0345593694 0.444112796 0.426077344
  [7,]  0.0934696459 0.453904285 0.511229399
  [8,]  0.0593014610 0.509761714 0.422770861
  [9,] -0.0877881324 0.229450084 0.393917346
 [10,]  0.0749175244 0.329594958 0.376920466
 [11,]  0.0744223919 0.273035035 0.307229333
 [12,] -0.1479831882 0.262173510 0.450074429
 [13,]  0.0471722179 0.423818304 0.389378128
 [14,] -0.1651265418 0.360692003 0.316091166
 [15,]  0.1353925321 0.402029633 0.186389782
 [16,]  0.0623530224 0.391081027 0.397644177
 [17,] -0.0511747967 0.293615735 0.437507380
 [18,] -0.0723705843 0.278784548 0.333690762
 [19,]  0.1026887363 0.399140843 0.261241637
 [20,]  0.0269222567 0.004211329 0.199174694
 [21,]  0.0129126893 0.384500225 0.172465803
 [22,] -0.0431125077 0.257845833 0.325015232
 [23,] -0.0666134446 0.431467911 0.290436684
 [24,]  0.0408167265 0.491146255 0.462976193
 [25,]  0.0174505401 0.410772000 0.357919389
 [26,]  0.0586989614 0.293505627 0.386522804
 [27,] -0.0738381305 0.406579766 0.267048353
 [28,] -0.0766775709 0.294615112 0.264424703
 [29,]  0.0237014282 0.267865236 0.293594492
 [30,]  0.0828276068 0.402347161 0.364269096
 [31,] -0.1081788850 0.208452073 0.257039670
 [32,] -0.0262706980 0.472164891 0.512917230
 [33,]  0.1748698450 0.359632936 0.424398515
 [34,]  0.0095003094 0.250262553 0.351443279
 [35,] -0.0509505780 0.393689831 0.275072500
 [36,]  0.0268306095 0.488412995 0.252859544
 [37,] -0.1147565791 0.465597878 0.288467135
 [38,] -0.0626257424 0.482509507 0.418634640
 [39,]  0.0835005829 0.336208498 0.344630709
 [40,]  0.1029029359 0.448719913 0.461084314
 [41,] -0.0816203397 0.319649333 0.533077920
 [42,]  0.0761832147 0.415160928 0.297031128
 [43,]  0.1301268241 0.509977943 0.259245823
 [44,]  0.0255752754 0.422518186 0.497808489
 [45,]  0.0137599678 0.522268076 0.337051681
 [46,]  0.0927071578 0.272761264 0.404085884
 [47,]  0.0422726432 0.329711806 0.472701235
 [48,] -0.1135102884 0.453142669 0.321098303
 [49,] -0.0994028423 0.396086994 0.222408685
 [50,]  0.0359769871 0.585829863 0.196780072
 [51,]  0.1518905270 0.358149906 0.444075178
 [52,]  0.0661301133 0.409249809 0.208417029
 [53,] -0.1179347156 0.507942684 0.245200602
 [54,] -0.0581187600 0.376139736 0.482303176
 [55,]  0.0380569325 0.254640013 0.322189893
 [56,] -0.0241150066 0.444825718 0.328829316
 [57,]  0.0444134756 0.513201992 0.383333104
 [58,]  0.0392576986 0.488968705 0.322374310
 [59,] -0.0666184621 0.438217296 0.447060916
 [60,] -0.0457387669 0.307598821 0.479617686
 [61,]  0.1234914624 0.280624458 0.282534415
 [62,] -0.0460303271 0.321902628 0.345386787
 [63,] -0.0108207572 0.396442463 0.446581639
 [64,]  0.1197692828 0.477564392 0.581403762
 [65,] -0.0635269030 0.149074564 0.446525466
 [66,]  0.0212028041 0.466853529 0.407742729
 [67,] -0.0082283840 0.351703363 0.239241460
 [68,]  0.0636091102 0.424518658 0.320030673
 [69,]  0.0421493240 0.470073628 0.386288522
 [70,]  0.0655730533 0.335859662 0.315176046
 [71,] -0.0897862088 0.310287521 0.411610515
 [72,] -0.0946819439 0.404192968 0.489442301
 [73,]  0.0187524501 0.214148076 0.456191546
 [74,]  0.0968469117 0.317082338 0.396302846
 [75,]  0.0485173584 0.463523741 0.317632475
 [76,]  0.0651477070 0.393917878 0.527722575
 [77,]  0.0466404586 0.352442574 0.505416387
 [78,] -0.1188520465 0.326204735 0.335862450
 [79,] -0.0071425378 0.260269493 0.245845653
 [80,]  0.0062995684 0.325487235 0.530146091
 [81,]  0.0345623344 0.436800446 0.300525397
 [82,] -0.1096776638 0.508804834 0.431943613
 [83,] -0.0975298268 0.434841999 0.403557146
 [84,] -0.0077380738 0.577654640 0.366044184
 [85,] -0.0630819616 0.431692770 0.349626222
 [86,] -0.0102056920 0.451715469 0.261228589
 [87,] -0.1433058523 0.181332657 0.412977137
 [88,] -0.0364087384 0.484379368 0.332538389
 [89,]  0.0588187341 0.460969080 0.479780097
 [90,]  0.0278383742 0.516468975 0.399148998
 [91,] -0.0519937332 0.260265329 0.319562554
 [92,]  0.0051911821 0.348532948 0.403823731
 [93,]  0.0430551255 0.401932045 0.307770241
 [94,]  0.0349057067 0.335245401 0.387547721
 [95,] -0.0020098826 0.423563625 0.489020666
 [96,] -0.1070822456 0.378939945 0.358955221
 [97,]  0.0159883433 0.383683482 0.270083905
 [98,] -0.1288733709 0.372618992 0.402558390
 [99,]  0.1133341565 0.479423934 0.401934493
[100,]  0.0347110275 0.393168572 0.425902115
[101,] -0.1413258447 0.414309337 0.435405036
[102,] -0.0087361053 0.281001260 0.417168526
[103,]  0.0111063210 0.229988008 0.359213222
[104,] -0.0622383096 0.410441808 0.386999125
[105,] -0.0031561371 0.378107734 0.600698073
[106,] -0.0748033065 0.227901258 0.435806895
[107,] -0.0112054437 0.300354572 0.481894679
[108,] -0.0589841570 0.453702366 0.350783719
[109,]  0.1123851121 0.341201851 0.167798177
[110,]  0.0701373704 0.408813046 0.401643719
[111,] -0.1341237600 0.286649721 0.413723424
[112,]  0.0852868174 0.366816532 0.234788578
[113,]  0.0284497174 0.438090043 0.337755941
[114,]  0.0661970000 0.431157713 0.332353285
[115,]  0.0198821265 0.302676486 0.007924898
[116,] -0.0726654591 0.376769793 0.495939149
[117,] -0.0853755804 0.363107318 0.217798169
[118,] -0.0801154340 0.226982364 0.251748363
[119,] -0.0066817331 0.354917903 0.370401906
[120,] -0.2159029342 0.509617652 0.360231954
[121,] -0.0683647759 0.248975488 0.334350253
[122,]  0.0303459249 0.431381962 0.461507366
[123,] -0.0830981649 0.589644928 0.418749399
[124,]  0.0273681335 0.375668088 0.394224619
[125,]  0.0185631198 0.316849361 0.392138612
[126,]  0.1089777649 0.566045732 0.474771646
[127,]  0.1058015550 0.225003635 0.388116209
[128,]  0.0446504580 0.164451031 0.599970653
[129,] -0.1263288221 0.373339949 0.511126795
[130,] -0.1275997100 0.262015499 0.238642063
[131,]  0.0579948446 0.301316105 0.316079283
[132,]  0.0393220496 0.567368975 0.290051408
[133,]  0.0927735975 0.378077690 0.431379639
[134,] -0.1293129804 0.369484810 0.530381497
[135,] -0.0440292277 0.397397266 0.369142189
[136,] -0.1084264902 0.391557819 0.427131447
[137,]  0.0290364971 0.433490453 0.273504280
[138,] -0.1559359871 0.335228161 0.223803146
[139,] -0.0518605799 0.307105866 0.309773027
[140,]  0.0805308049 0.265019556 0.285409533
[141,]  0.0178416682 0.257496815 0.308836596
[142,]  0.0060029893 0.381588519 0.464611560
[143,]  0.0508664069 0.396502185 0.494721371
[144,] -0.0337783700 0.516619082 0.422259694
[145,] -0.0083711436 0.366633983 0.258962245
[146,] -0.0562703234 0.288717679 0.287480029
[147,] -0.1430141644 0.487818819 0.421008949
[148,]  0.0023331256 0.487129868 0.414182110
[149,]  0.1319779628 0.516638232 0.305404188
[150,]  0.0132219674 0.339854582 0.259959797
[151,] -0.0023798917 0.422278025 0.541302496
[152,]  0.0806123844 0.479476441 0.248270833
[153,] -0.0144522224 0.527601668 0.351105024
[154,] -0.0108244435 0.401258731 0.418784765
[155,]  0.0445356522 0.234269911 0.193457108
[156,] -0.0584281147 0.490967787 0.556410676
[157,] -0.1477939384 0.541291415 0.340607403
[158,] -0.0793458824 0.454299820 0.505007116
[159,]  0.0239007782 0.282417469 0.314750184
[160,] -0.1717880204 0.355407854 0.432242003
[161,] -0.0456216928 0.499783678 0.434183313
[162,] -0.0282615892 0.495221652 0.545389008
[163,] -0.1671286170 0.409529248 0.315214052
[164,] -0.0170620910 0.259884967 0.288591701
[165,] -0.1318140711 0.567612204 0.399454175
[166,]  0.0253625531 0.339617962 0.351941628
[167,]  0.0525114306 0.334408068 0.331923118
[168,]  0.0457394711 0.392811734 0.371731381
[169,]  0.0357098030 0.261142496 0.170086978
[170,] -0.0595587028 0.453118750 0.280918516
[171,]  0.1146957207 0.362913381 0.443303307
[172,]  0.0279021146 0.425901630 0.299801592
[173,]  0.1017722094 0.292198115 0.469140418
[174,] -0.0886739381 0.446302147 0.450276302
[175,] -0.0971625737 0.395471392 0.405395245
[176,] -0.0340641485 0.397879860 0.418910353
[177,] -0.0429314203 0.260261215 0.250341478
[178,] -0.0297430739 0.285590542 0.385543272
[179,]  0.0727020268 0.490369544 0.392019737
[180,] -0.0097166379 0.401206217 0.484840056
[181,] -0.0670566240 0.194744031 0.538122049
[182,]  0.0341071611 0.378011720 0.294379973
[183,] -0.0240740571 0.375397393 0.293046301
[184,]  0.0436232579 0.515454385 0.198630059
[185,] -0.0018773441 0.293697018 0.347417846
[186,] -0.0241094581 0.442613908 0.367027705
[187,]  0.0969705456 0.331344661 0.310619808
[188,]  0.0049897091 0.583861984 0.266970846
[189,]  0.0047222753 0.273276522 0.474784032
[190,]  0.0140938350 0.321565398 0.284571699
[191,] -0.0029039492 0.133742539 0.304130757
[192,] -0.1514092185 0.530676663 0.430918325
[193,]  0.0040678815 0.520152745 0.127321643
[194,] -0.0112725102 0.277721876 0.535928155
[195,] -0.0006628844 0.449758565 0.359483203
[196,]  0.0139697450 0.275591148 0.393275939
[197,] -0.0656095558 0.387749492 0.284823901
[198,] -0.0898669793 0.425880269 0.393196106
[199,]  0.0233640322 0.315373693 0.217026801
[200,] -0.1263782051 0.334867653 0.250608419
[201,]  0.0496740082 0.347006500 0.362923448
[202,]  0.0385356042 0.268251949 0.399540687
[203,] -0.0075097983 0.269316575 0.367673090
[204,]  0.1232195350 0.262535802 0.317033466
[205,] -0.0158759525 0.471962816 0.276901623
[206,]  0.0502465741 0.362753096 0.389098935
[207,] -0.0045315789 0.329785258 0.449562773
[208,] -0.0284721341 0.343438301 0.345205952
[209,]  0.0152504892 0.468101517 0.522884097
[210,]  0.0531606045 0.290493020 0.279507557
[211,] -0.0266019496 0.434508387 0.342108883
[212,] -0.1146526040 0.203368885 0.377132907
[213,] -0.0028532805 0.455653932 0.464406949
[214,]  0.0941658119 0.440602834 0.295682535
[215,]  0.0573521989 0.352344487 0.394623410
[216,] -0.0720112260 0.315015076 0.372335904
[217,]  0.0137014807 0.270564266 0.266184436
[218,] -0.0239819361 0.390184674 0.453270937
[219,]  0.0813937257 0.462117143 0.372605951
[220,] -0.0391963976 0.244784357 0.363242016
[221,]  0.0582262180 0.320112238 0.527181544
[222,]  0.1692371571 0.491201244 0.375178582
[223,] -0.0562194694 0.241341699 0.348090276
[224,]  0.0551988670 0.198725259 0.279322283
[225,]  0.0303679164 0.481185422 0.329766549
[226,] -0.0490433980 0.311199390 0.422722457
[227,]  0.2149638117 0.389737247 0.455019387
[228,] -0.1581954803 0.430554904 0.388807725
[229,]  0.0216588124 0.373371904 0.265868450
[230,]  0.0128932525 0.281053044 0.177716858
[231,]  0.0048001024 0.230746452 0.455159532
[232,] -0.0449313568 0.364659794 0.438250675
[233,] -0.0404679670 0.269943715 0.343997953
[234,]  0.0049453894 0.369988162 0.240254561
[235,]  0.0746731510 0.383896385 0.360969635
[236,]  0.0779887719 0.289093873 0.253172225
[237,]  0.0610392233 0.401561717 0.559058910
[238,] -0.0930622769 0.153328673 0.462904925
[239,] -0.1654166282 0.427053515 0.225974234
[240,] -0.0282891842 0.317916402 0.470991285
[241,]  0.0121170788 0.374994491 0.428881930
[242,]  0.1278911189 0.302932635 0.463432957
[243,] -0.0308482075 0.454926422 0.319909464
[244,]  0.0426180648 0.285868584 0.367453008
[245,] -0.1036558095 0.307361435 0.265893467
[246,] -0.0234524609 0.554848267 0.254185386
[247,]  0.0644803944 0.378779434 0.121913856
[248,] -0.0213192680 0.369297642 0.302266437
[249,]  0.0856377773 0.433287669 0.439980301
[250,]  0.0274399502 0.198794966 0.297206993
[251,]  0.0375606456 0.474034681 0.447977516
[252,]  0.0219726744 0.344570709 0.369282680
[253,] -0.0455027094 0.321981521 0.521123620
[254,]  0.1059636938 0.429181680 0.388451008
[255,]  0.0177267806 0.147362948 0.348111145
[256,]  0.0089316859 0.333996227 0.378505699
[257,]  0.0334471062 0.572519982 0.411868602
[258,] -0.1873809913 0.355413523 0.536892733
[259,] -0.1094815388 0.315911734 0.383169784
[260,]  0.1197401460 0.185298818 0.472404030
[261,]  0.1060063147 0.297388760 0.132592760
[262,] -0.0993289341 0.322539428 0.385791737
[263,]  0.0817200962 0.095074688 0.199618073
[264,]  0.0474906606 0.330080378 0.369612295
[265,]  0.0802226056 0.182462997 0.435590938
[266,] -0.0123685737 0.320307940 0.265960887
[267,]  0.0546730070 0.378510843 0.380423075
[268,]  0.1438671752 0.490062503 0.366764618
[269,] -0.0437817013 0.320138457 0.325505595
[270,] -0.1048975686 0.262896951 0.322261366
[271,]  0.0103535941 0.508475771 0.557276168
[272,] -0.0854171715 0.470773617 0.439759384
[273,]  0.0415848380 0.438101447 0.245164443
[274,]  0.0448670152 0.249069944 0.403663104
[275,]  0.0598441381 0.389079808 0.386800729
[276,]  0.0598478800 0.328141075 0.279530843
[277,] -0.1264880325 0.364050719 0.375529394
[278,]  0.1019029983 0.321048613 0.454609609
[279,]  0.0605013419 0.363639647 0.561973492
[280,] -0.0174421200 0.348194984 0.419548135
[281,] -0.0202763262 0.278325079 0.237611546
[282,]  0.0684536693 0.363129667 0.491560504
[283,]  0.0721183857 0.345387742 0.432611223
[284,]  0.0860501013 0.362071348 0.299434143
[285,]  0.0980632320 0.422907431 0.346387789
[286,]  0.0739628696 0.429378968 0.192848487
[287,] -0.0823028769 0.463635886 0.309001649
[288,] -0.1299542798 0.393853468 0.341311620
[289,] -0.0551088139 0.455854462 0.400359667
[290,]  0.0413935770 0.301096654 0.481667894
[291,]  0.0150302036 0.510345779 0.418691651
[292,] -0.0029765481 0.314182460 0.331505337
[293,]  0.1162990188 0.529235633 0.614216335
[294,]  0.0487981110 0.318589085 0.230577960
[295,] -0.0214853982 0.229442512 0.413476303
[296,] -0.0869677189 0.314307813 0.287583301
[297,] -0.0273480472 0.448056225 0.326335403
[298,]  0.0218202096 0.218646543 0.299985081
[299,] -0.0114271746 0.513566408 0.481993027
[300,]  0.0838348165 0.438275182 0.387347074
[301,]  0.0731634174 0.347222229 0.340247479
[302,] -0.0771404939 0.457925969 0.333008878
[303,]  0.0239202111 0.469089824 0.410808498
[304,] -0.0854557568 0.358143998 0.367416656
[305,] -0.0251986625 0.266534305 0.336601567
[306,] -0.0921451963 0.356545680 0.353254707
[307,]  0.0378791005 0.399295034 0.501443286
[308,] -0.1962733149 0.352471466 0.501386680
[309,]  0.0693084672 0.322445440 0.252194650
[310,] -0.0183447300 0.451873931 0.270419326
[311,] -0.0793892677 0.587306951 0.507227474
[312,] -0.2130837718 0.421136902 0.460465225
[313,]  0.0685847557 0.300512848 0.364177859
[314,] -0.0528514060 0.278917654 0.541202447
[315,]  0.1351005100 0.397219764 0.350645855
[316,] -0.1573932672 0.380331531 0.351145927
[317,] -0.0243900227 0.382648783 0.213525242
[318,] -0.0317899712 0.296789154 0.411331154
[319,] -0.0104488479 0.503446219 0.395229019
[320,] -0.0964209334 0.481419728 0.343659132
[321,] -0.0769159927 0.518826314 0.605085419
[322,] -0.0705774940 0.324163394 0.299456842
[323,]  0.0932562927 0.346286631 0.374811162
[324,]  0.0522305088 0.360601295 0.338308040
[325,]  0.1946800752 0.237615439 0.358797172
[326,] -0.0727004541 0.168807616 0.608761539
[327,] -0.0159855080 0.451927067 0.423594527
[328,]  0.0621596949 0.268351984 0.382653815
[329,] -0.0997878449 0.407520682 0.317326197
[330,] -0.0639121255 0.289749169 0.408530867
[331,]  0.1391714706 0.385257191 0.352314680
[332,] -0.0912108271 0.183647689 0.321410642
[333,] -0.0359513868 0.414849246 0.411630027
[334,] -0.0166396560 0.318645669 0.202065741
[335,] -0.0228340473 0.212443951 0.477212709
[336,] -0.0267671699 0.465563630 0.473923608
[337,]  0.0575914718 0.270132481 0.355594025
[338,] -0.0305613552 0.413543756 0.245477234
[339,] -0.0363270823 0.154913403 0.360497322
[340,] -0.0052073242 0.478095728 0.414525213
[341,]  0.0354636473 0.193797850 0.246082221
[342,]  0.0469781330 0.438739978 0.369818020
[343,] -0.0740416192 0.324897346 0.342529367
[344,] -0.0940507084 0.361283677 0.368271639
[345,]  0.0870077257 0.410611717 0.374061740
[346,] -0.0819796247 0.316202025 0.472582965
[347,]  0.0642827409 0.470630810 0.455021682
[348,]  0.1116870675 0.425780491 0.393471328
[349,]  0.0012870021 0.473491402 0.389884817
[350,] -0.0243099974 0.404603428 0.226314217
[351,] -0.0668338743 0.409319693 0.438757390
[352,] -0.1167169657 0.354564851 0.335124204
[353,] -0.1218540125 0.353309277 0.415533367
[354,]  0.1039641133 0.517712598 0.341534212
[355,] -0.0463138753 0.326728873 0.359367915
[356,] -0.0617597882 0.318288092 0.289224338
[357,] -0.0738896829 0.271289944 0.345507304
[358,]  0.0223489090 0.389301016 0.320399074
[359,] -0.1736283147 0.459839485 0.420177025
[360,] -0.0025872163 0.276117568 0.308614581
[361,]  0.0273009304 0.338264226 0.516390981
[362,] -0.1103802948 0.456739472 0.396000001
[363,] -0.1261995634 0.407140792 0.473311189
[364,] -0.0436883789 0.240403552 0.351954126
[365,] -0.0860286816 0.345454433 0.396619304
[366,] -0.0531900292 0.464795816 0.437117388
[367,] -0.1306250318 0.388778861 0.406758203
[368,]  0.0581046639 0.372710350 0.341860466
[369,]  0.0419259226 0.267815763 0.420445804
[370,] -0.0883474562 0.407932578 0.473568700
[371,]  0.0267058921 0.359060211 0.213848482
[372,] -0.0269937516 0.275317706 0.378811977
[373,]  0.0835823123 0.395681518 0.369755436
[374,] -0.0403224322 0.275461495 0.305957842
[375,] -0.1422656621 0.101920193 0.358782796
[376,]  0.0088707405 0.374552887 0.390358527
[377,] -0.1141355726 0.391517776 0.493269028
[378,]  0.0858126967 0.391659797 0.250864346
[379,] -0.0216059280 0.268348364 0.391294790
[380,]  0.1859119992 0.498413304 0.465344562
[381,]  0.0558298966 0.317390872 0.513307290
[382,] -0.0967384449 0.223810464 0.338998520
[383,] -0.1283675962 0.354785178 0.272403588
[384,]  0.0847480612 0.430270247 0.244920192
[385,] -0.0408190372 0.403875304 0.387931705
[386,]  0.0944315098 0.387367809 0.278716071
[387,] -0.0476243384 0.171104841 0.261025958
[388,] -0.0114790789 0.371397321 0.408271970
[389,]  0.0277850936 0.444449411 0.472266524
[390,]  0.0426056504 0.474280924 0.389573249
[391,]  0.0035758822 0.524832443 0.421131558
[392,] -0.0081232031 0.294793412 0.321867546
[393,] -0.0050275462 0.467790754 0.313894729
[394,] -0.0434909313 0.303426921 0.244914352
[395,] -0.0107511128 0.283211457 0.402125256
[396,]  0.0598081504 0.494158815 0.280684385
[397,] -0.0691883247 0.323507411 0.307709160
[398,]  0.0629023652 0.496995052 0.299466408
[399,] -0.1327000978 0.537326527 0.394192771
[400,] -0.0636398301 0.279714402 0.339223462
[401,] -0.0182879385 0.336896819 0.195102493
[402,]  0.1567973221 0.206902490 0.588073887
[403,] -0.0476481614 0.314200763 0.251197384
[404,]  0.0297858692 0.461010945 0.460597844
[405,] -0.1152218947 0.307769921 0.445777118
[406,] -0.0613193801 0.343214670 0.353069790
[407,] -0.0370173092 0.352653509 0.382982883
[408,] -0.0303578520 0.213219221 0.354741818
[409,]  0.1109184342 0.294754133 0.551711206
[410,] -0.0353011930 0.445363813 0.204283742
[411,]  0.0344949535 0.357538797 0.403600283
[412,] -0.0166898451 0.436099904 0.273000004
[413,]  0.0612043128 0.346097915 0.534115114
[414,]  0.0302264439 0.349575764 0.285680269
[415,] -0.1467266089 0.355734646 0.466910200
[416,] -0.0110301375 0.309931758 0.299053607
[417,]  0.0550904205 0.274021297 0.306447544
[418,]  0.0802350460 0.380280914 0.462227132
[419,]  0.0416030303 0.505680418 0.374315078
[420,] -0.0214300083 0.443654225 0.363106003
[421,] -0.0473488138 0.429180479 0.428684806
[422,]  0.1060344440 0.383552732 0.301838212
[423,] -0.1070314915 0.474494418 0.502088404
[424,]  0.1068678967 0.312827330 0.450464605
[425,] -0.0218879402 0.230445951 0.345638770
[426,]  0.1484474384 0.404348065 0.444074230
[427,]  0.0789208563 0.258155449 0.410470631
[428,]  0.0732395341 0.537235198 0.399285166
[429,]  0.0406564804 0.382414710 0.475465575
[430,]  0.0985081978 0.185858314 0.318823150
[431,] -0.0570196427 0.197199310 0.285033838
[432,]  0.0419969405 0.265568065 0.333472074
[433,]  0.1325157385 0.197405700 0.307916069
[434,] -0.1696886102 0.150932445 0.343658568
[435,] -0.0574951725 0.477493673 0.342463496
[436,]  0.1032625477 0.370374536 0.406144981
[437,] -0.1352476682 0.497620447 0.494433958
[438,]  0.0576957701 0.477218459 0.338645630
[439,] -0.0192678747 0.388137542 0.349437666
[440,] -0.0136338771 0.260195046 0.490494277
[441,]  0.0313313490 0.318853169 0.260070896
[442,]  0.0463427334 0.507329462 0.426593129
[443,]  0.0687439551 0.334166181 0.371355258
[444,] -0.0082026920 0.179227558 0.301860501
[445,]  0.0141367516 0.487923804 0.346128984
[446,]  0.0473324262 0.432447436 0.429955264
[447,] -0.1666002174 0.241269836 0.610891470
[448,]  0.0034696322 0.431908086 0.453114979
[449,] -0.1133510333 0.461968184 0.254090801
[450,]  0.0754681929 0.496012454 0.450344714
[451,] -0.0043577986 0.451444965 0.332776990
[452,]  0.0288358200 0.389514112 0.358797363
[453,]  0.0481004927 0.413729727 0.411614216
[454,] -0.1351488411 0.405959944 0.319652969
[455,]  0.0999184566 0.384723698 0.335113809
[456,] -0.0430128749 0.401639518 0.539412592
[457,]  0.0739421176 0.506641252 0.447832934
[458,]  0.0267998220 0.244233222 0.409890205
[459,] -0.0461749999 0.460883067 0.286437805
[460,] -0.0753004335 0.492013700 0.394591951
[461,]  0.0220469877 0.377305091 0.383745014
[462,] -0.0206171050 0.424127400 0.376622177
[463,]  0.0068600117 0.559030957 0.456723028
[464,] -0.0999974369 0.478199019 0.220888112
[465,]  0.0033885407 0.276181932 0.331701451
[466,]  0.0179348647 0.393904034 0.342064076
[467,] -0.0454845201 0.298501209 0.463880174
[468,] -0.0746922426 0.328985881 0.320807995
[469,] -0.0455407961 0.401266172 0.393064571
[470,]  0.1276775286 0.190600294 0.309376112
[471,]  0.1112611096 0.597134663 0.395476171
[472,]  0.0542142722 0.422051695 0.290946576
[473,]  0.0220947812 0.478090728 0.337537093
[474,] -0.1106834051 0.347854031 0.383206039
[475,]  0.0605218729 0.211590627 0.303807618
[476,]  0.0394878376 0.358283092 0.418571833
[477,]  0.0999888880 0.307741544 0.469130971
[478,] -0.0288912481 0.435043994 0.251868451
[479,]  0.0217584852 0.449037161 0.515684027
[480,] -0.2306662513 0.343577441 0.474638764
[481,] -0.0557498792 0.217747012 0.367913148
[482,] -0.0313636580 0.282667665 0.514753161
[483,] -0.0674421426 0.511103016 0.400192034
[484,] -0.0678566322 0.352221586 0.454617677
[485,] -0.0163835171 0.372865123 0.321673708
[486,] -0.0046706010 0.354230016 0.402609578
[487,] -0.0314244698 0.439429487 0.193656855
[488,] -0.0178099005 0.590519839 0.265042933
[489,] -0.0441685850 0.264553538 0.282034742
[490,]  0.0775178869 0.207004136 0.290394176
[491,] -0.0296997161 0.414447725 0.271608376
[492,] -0.1417754817 0.363942018 0.427900945
[493,] -0.0832269393 0.313422568 0.476632871
[494,]  0.0619568921 0.280757347 0.294694349
[495,]  0.0155818913 0.302345268 0.557401551
[496,]  0.0127838334 0.493425526 0.499566942
[497,]  0.0796775311 0.354945315 0.313470232
[498,]  0.0468254513 0.329358253 0.279779715
[499,] -0.1404493109 0.330886749 0.302840505
[500,]  0.0383761869 0.470740310 0.352011157

