$RE_RF
[1] 3.718199

$RE_CXls
[1] 4.527604

$RF_2_imput
                  [,1]
Q1_bias    0.007053284
mean_bias -0.001737484
Q3_bias   -0.011652487
MSE        0.532196071

$CXls_imput
                  [,1]
Q1_bias    0.018805806
mean_bias -0.004779732
Q3_bias   -0.032365396
MSE        0.260154287

$bias_sd_OLS
                  beta.t         bias       Esd       Asd    CP
(Intercept) 2.072522e-17 -0.002431847 0.1489958 0.1485552 0.952
X1          1.000000e+00 -0.008766069 0.2616225 0.2522768 0.944
X2          1.000000e+00  0.001388609 0.2679545 0.2501633 0.942

$bias_sd_RF
                  beta.t         bias         sd
(Intercept) 2.072522e-17 -0.001704342 0.08397575
X1          1.000000e+00 -0.097960065 0.09221571
X2          1.000000e+00 -0.096464445 0.09599035

$bias_sd_CXls
                  beta.t          bias        Esd     Asd_IF    CP  RE_beta
(Intercept) 2.072522e-17 -0.0046922928 0.08293449 0.08086429 0.948 1.010582
X1          1.000000e+00 -0.0019061918 0.11553713 0.11642702 0.948 5.131884
X2          1.000000e+00 -0.0008168009 0.12507745 0.11264116 0.924 4.589413

$pcd_OLS
[1] 0.94892527 0.03112346

$VF_OLS
[1] 0.55307856 0.01188073

$pcd_RF
[1] 0.9720662 0.0150582

$VF_RF
[1] 0.559376110 0.002452736

$pcd_CXls
[1] 0.97300291 0.01535815

$VF_Cxls
[1] 0.559380528 0.002697957

$VF_0
  mean_V0     sd_V0 
0.5617835 2.0152695 

$VF_B0
 mean_VB0    sd_VB0 
0.5617835 2.0152695 

$PCD_vals_RF
  [1] 0.9819091 0.9639091 0.9610000 0.9736364 0.9913636 0.9542727 0.9407273
  [8] 0.9795455 0.9860909 0.9798182 0.9867273 0.9812727 0.9767273 0.9830000
 [15] 0.9762727 0.9649091 0.9870909 0.9251818 0.9725455 0.9673636 0.9685455
 [22] 0.9693636 0.9771818 0.9878182 0.9657273 0.9590909 0.9974545 0.9829091
 [29] 0.9937273 0.9740000 0.9625455 0.9432727 0.9752727 0.9457273 0.9683636
 [36] 0.9780909 0.9223636 0.9682727 0.9726364 0.9853636 0.9820909 0.9760909
 [43] 0.9690909 0.9667273 0.9744545 0.9500000 0.9671818 0.9448182 0.9844545
 [50] 0.9952727 0.9908182 0.9684545 0.9622727 0.9741818 0.9481818 0.9795455
 [57] 0.9641818 0.9550909 0.9662727 0.9500909 0.9755455 0.9781818 0.9862727
 [64] 0.9810909 0.9661818 0.9946364 0.9665455 0.9723636 0.9783636 0.9922727
 [71] 0.9718182 0.9644545 0.9725455 0.9698182 0.9782727 0.9851818 0.9834545
 [78] 0.9355455 0.9837273 0.9814545 0.9619091 0.9982727 0.9919091 0.9884545
 [85] 0.9863636 0.9534545 0.9896364 0.9781818 0.9824545 0.9687273 0.9769091
 [92] 0.9755455 0.9881818 0.9840909 0.9769091 0.9486364 0.9518182 0.9598182
 [99] 0.9759091 0.9400909 0.9504545 0.9887273 0.9736364 0.9866364 0.9652727
[106] 0.9841818 0.9806364 0.9804545 0.9645455 0.9800000 0.9490909 0.9844545
[113] 0.9879091 0.9734545 0.9854545 0.9936364 0.9826364 0.9613636 0.9871818
[120] 0.9627273 0.9670909 0.9394545 0.9752727 0.9710000 0.9743636 0.9896364
[127] 0.9767273 0.9672727 0.9929091 0.9640909 0.9660909 0.9610000 0.9888182
[134] 0.9580909 0.9910000 0.9808182 0.9750909 0.9932727 0.9780909 0.9676364
[141] 0.9697273 0.9298182 0.9294545 0.9764545 0.9508182 0.9488182 0.9660909
[148] 0.9801818 0.9768182 0.9794545 0.9719091 0.9699091 0.9687273 0.9379091
[155] 0.9897273 0.9753636 0.9930000 0.9877273 0.9875455 0.9784545 0.9754545
[162] 0.9466364 0.9976364 0.9746364 0.9528182 0.9551818 0.9724545 0.9642727
[169] 0.9589091 0.9881818 0.9654545 0.9659091 0.9820000 0.9930909 0.9843636
[176] 0.9393636 0.9769091 0.9673636 0.9639091 0.9632727 0.9741818 0.9536364
[183] 0.9846364 0.9921818 0.9671818 0.9590909 0.9529091 0.9785455 0.9752727
[190] 0.9950000 0.9900909 0.9768182 0.9794545 0.9483636 0.9520000 0.9736364
[197] 0.9708182 0.9535455 0.9663636 0.9710909 0.9694545 0.9660000 0.9667273
[204] 0.9468182 0.9555455 0.9626364 0.9624545 0.9458182 0.9778182 0.9841818
[211] 0.9592727 0.9941818 0.9890000 0.9893636 0.9711818 0.9830909 0.9965455
[218] 0.9942727 0.9910000 0.9886364 0.9805455 0.9775455 0.9460909 0.9711818
[225] 0.9803636 0.9630909 0.9950000 0.9797273 0.9820909 0.9814545 0.9891818
[232] 0.9843636 0.9352727 0.9875455 0.9700909 0.9748182 0.9834545 0.9631818
[239] 0.9491818 0.9795455 0.9922727 0.9929091 0.9610909 0.9968182 0.9697273
[246] 0.9720909 0.9924545 0.9866364 0.9876364 0.9709091 0.9762727 0.9720909
[253] 0.9828182 0.9828182 0.9922727 0.9539091 0.9580000 0.9594545 0.9748182
[260] 0.9440909 0.9827273 0.9540909 0.9834545 0.9679091 0.9684545 0.9692727
[267] 0.9967273 0.9897273 0.9575455 0.9822727 0.9701818 0.9730909 0.9680000
[274] 0.9598182 0.9725455 0.9858182 0.9690909 0.9921818 0.9667273 0.9758182
[281] 0.9714545 0.9449091 0.9655455 0.9459091 0.9748182 0.9751818 0.9614545
[288] 0.9879091 0.9885455 0.9788182 0.9933636 0.9820000 0.9565455 0.9736364
[295] 0.9754545 0.9703636 0.9777273 0.9927273 0.9457273 0.9588182 0.9749091
[302] 0.9695455 0.9899091 0.9730000 0.9665455 0.9750000 0.9510909 0.9572727
[309] 0.9667273 0.9733636 0.9602727 0.9724545 0.9745455 0.9974545 0.9559091
[316] 0.9907273 0.9559091 0.9522727 0.9716364 0.9834545 0.9818182 0.9670909
[323] 0.9588182 0.9478182 0.9580000 0.9727273 0.9859091 0.9530000 0.9450000
[330] 0.9637273 0.9769091 0.9883636 0.9580000 0.9804545 0.9730000 0.9818182
[337] 0.9730000 0.9263636 0.9389091 0.9792727 0.9680909 0.9750000 0.9938182
[344] 0.9738182 0.9632727 0.9820909 0.9597273 0.9278182 0.9697273 0.9727273
[351] 0.9657273 0.9493636 0.9542727 0.9740000 0.9834545 0.9763636 0.9955455
[358] 0.9770000 0.9771818 0.9820909 0.9756364 0.9570909 0.9857273 0.9807273
[365] 0.9838182 0.9772727 0.9762727 0.9828182 0.9807273 0.9843636 0.9819091
[372] 0.9550000 0.9767273 0.9499091 0.9740909 0.9840909 0.9857273 0.9703636
[379] 0.9820909 0.9468182 0.9679091 0.9616364 0.9598182 0.9837273 0.9722727
[386] 0.9923636 0.9926364 0.9637273 0.9680909 0.9804545 0.9883636 0.9867273
[393] 0.9906364 0.9890000 0.9601818 0.9778182 0.9556364 0.9628182 0.9540909
[400] 0.9795455 0.9753636 0.9887273 0.9299091 0.9800909 0.9874545 0.9622727
[407] 0.9745455 0.9812727 0.9855455 0.9599091 0.9540000 0.9600000 0.9706364
[414] 0.9667273 0.9904545 0.9770000 0.9693636 0.9847273 0.9825455 0.9817273
[421] 0.9530909 0.9909091 0.9850909 0.9751818 0.9157273 0.9771818 0.9800909
[428] 0.9495455 0.9736364 0.9675455 0.9619091 0.9851818 0.9729091 0.9467273
[435] 0.9554545 0.9827273 0.9925455 0.9691818 0.9690909 0.9686364 0.9199091
[442] 0.9863636 0.9950000 0.9420000 0.9688182 0.9653636 0.9700909 0.9437273
[449] 0.9778182 0.9584545 0.9651818 0.9844545 0.9498182 0.9900909 0.9379091
[456] 0.9703636 0.9572727 0.9668182 0.9773636 0.9575455 0.9823636 0.9664545
[463] 0.9904545 0.9672727 0.9719091 0.9920000 0.9716364 0.9862727 0.9457273
[470] 0.9811818 0.9714545 0.9827273 0.9873636 0.9760909 0.9652727 0.9788182
[477] 0.9879091 0.9939091 0.9694545 0.9831818 0.9521818 0.9861818 0.9760000
[484] 0.9896364 0.9684545 0.9730909 0.9917273 0.9535455 0.9761818 0.9715455
[491] 0.9510000 0.9773636 0.9772727 0.9849091 0.9835455 0.9723636 0.9898182
[498] 0.9594545 0.9840000 0.9633636

$PCD_vals_CXLS
  [1] 0.9856364 0.9890909 0.9760000 0.9865455 0.9855455 0.9732727 0.9589091
  [8] 0.9970909 0.9381818 0.9707273 0.9855455 0.9918182 0.9918182 0.9672727
 [15] 0.9483636 0.9686364 0.9438182 0.9419091 0.9912727 0.9553636 0.9697273
 [22] 0.9796364 0.9800909 0.9815455 0.9749091 0.9768182 0.9943636 0.9655455
 [29] 0.9602727 0.9562727 0.9557273 0.9565455 0.9700000 0.9850000 0.9592727
 [36] 0.9893636 0.9417273 0.9794545 0.9813636 0.9473636 0.9863636 0.9760909
 [43] 0.9810909 0.9795455 0.9853636 0.9818182 0.9806364 0.9570909 0.9790000
 [50] 0.9784545 0.9793636 0.9772727 0.9433636 0.9550000 0.9450000 0.9791818
 [57] 0.9823636 0.9698182 0.9760909 0.9908182 0.9897273 0.9810000 0.9930909
 [64] 0.9716364 0.9759091 0.9890909 0.9838182 0.9904545 0.9887273 0.9910909
 [71] 0.9885455 0.9742727 0.9740000 0.9693636 0.9861818 0.9681818 0.9679091
 [78] 0.9459091 0.9849091 0.9709091 0.9737273 0.9579091 0.9642727 0.9910000
 [85] 0.9656364 0.9670000 0.9700909 0.9847273 0.9957273 0.9460909 0.9546364
 [92] 0.9850909 0.9735455 0.9718182 0.9849091 0.9688182 0.9818182 0.9560909
 [99] 0.9816364 0.9523636 0.9672727 0.9752727 0.9775455 0.9836364 0.9513636
[106] 0.9570000 0.9792727 0.9880909 0.9541818 0.9712727 0.9326364 0.9970000
[113] 0.9882727 0.9806364 0.9846364 0.9937273 0.9684545 0.9694545 0.9880000
[120] 0.9615455 0.9712727 0.9547273 0.9881818 0.9372727 0.9916364 0.9901818
[127] 0.9708182 0.9513636 0.9939091 0.9620909 0.9675455 0.9430000 0.9454545
[134] 0.9596364 0.9673636 0.9830000 0.9758182 0.9886364 0.9590000 0.9766364
[141] 0.9709091 0.9304545 0.9503636 0.9252727 0.9498182 0.9547273 0.9778182
[148] 0.9787273 0.9732727 0.9885455 0.9827273 0.9802727 0.9690909 0.9700909
[155] 0.9432727 0.9850000 0.9930000 0.9826364 0.9749091 0.9730000 0.9797273
[162] 0.9563636 0.9890909 0.9798182 0.9538182 0.9420909 0.9930909 0.9778182
[169] 0.9635455 0.9948182 0.9580000 0.9767273 0.9806364 0.9857273 0.9871818
[176] 0.9391818 0.9708182 0.9718182 0.9767273 0.9729091 0.9853636 0.9710909
[183] 0.9798182 0.9972727 0.9565455 0.9728182 0.9730909 0.9748182 0.9660000
[190] 0.9840909 0.9894545 0.9641818 0.9940000 0.9820909 0.9361818 0.9794545
[197] 0.9685455 0.9880909 0.9661818 0.9676364 0.9788182 0.9775455 0.9681818
[204] 0.9558182 0.9481818 0.9803636 0.9595455 0.9978182 0.9821818 0.9829091
[211] 0.9820909 0.9878182 0.9783636 0.9841818 0.9810000 0.9679091 0.9983636
[218] 0.9830000 0.9888182 0.9786364 0.9736364 0.9465455 0.9569091 0.9818182
[225] 0.9913636 0.9733636 0.9778182 0.9778182 0.9616364 0.9786364 0.9754545
[232] 0.9713636 0.9395455 0.9813636 0.9901818 0.9813636 0.9901818 0.9567273
[239] 0.9523636 0.9876364 0.9853636 0.9653636 0.9529091 0.9528182 0.9597273
[246] 0.9740000 0.9909091 0.9876364 0.9655455 0.9631818 0.9792727 0.9556364
[253] 0.9894545 0.9905455 0.9970909 0.9602727 0.9632727 0.9632727 0.9902727
[260] 0.9637273 0.9733636 0.9516364 0.9758182 0.9726364 0.9743636 0.9790909
[267] 0.9936364 0.9914545 0.9778182 0.9640909 0.9810909 0.9793636 0.9563636
[274] 0.9657273 0.9902727 0.9882727 0.9770909 0.9850000 0.9795455 0.9501818
[281] 0.9577273 0.9626364 0.9826364 0.9579091 0.9829091 0.9679091 0.9659091
[288] 0.9737273 0.9786364 0.9926364 0.9879091 0.9790000 0.9598182 0.9814545
[295] 0.9631818 0.9459091 0.9742727 0.9933636 0.9549091 0.9415455 0.9579091
[302] 0.9670000 0.9872727 0.9761818 0.9678182 0.9680909 0.9722727 0.9978182
[309] 0.9591818 0.9678182 0.9724545 0.9779091 0.9920909 0.9895455 0.9570909
[316] 0.9857273 0.9702727 0.9420909 0.9604545 0.9798182 0.9699091 0.9834545
[323] 0.9597273 0.9522727 0.9674545 0.9825455 0.9530000 0.9601818 0.9590909
[330] 0.9634545 0.9835455 0.9790909 0.9577273 0.9760909 0.9719091 0.9800000
[337] 0.9556364 0.9003636 0.9469091 0.9853636 0.9827273 0.9720000 0.9712727
[344] 0.9843636 0.9823636 0.9848182 0.9623636 0.9401818 0.9675455 0.9691818
[351] 0.9678182 0.9531818 0.9775455 0.9791818 0.9897273 0.9875455 0.9391818
[358] 0.9354545 0.9630000 0.9740909 0.9786364 0.9767273 0.9959091 0.9969091
[365] 0.9653636 0.9892727 0.9655455 0.9956364 0.9913636 0.9859091 0.9919091
[372] 0.9678182 0.9716364 0.9528182 0.9732727 0.9848182 0.9670909 0.9762727
[379] 0.9830000 0.9559091 0.9670909 0.9643636 0.9348182 0.9890000 0.9639091
[386] 0.9848182 0.9477273 0.9715455 0.9801818 0.9850000 0.9920909 0.9874545
[393] 0.9785455 0.9629091 0.9780909 0.9848182 0.9658182 0.9620000 0.9655455
[400] 0.9822727 0.9710909 0.9891818 0.9483636 0.9860000 0.9865455 0.9790000
[407] 0.9538182 0.9891818 0.9899091 0.9629091 0.9639091 0.9552727 0.9667273
[414] 0.9368182 0.9679091 0.9816364 0.9776364 0.9890909 0.9931818 0.9650000
[421] 0.9830000 0.9814545 0.9594545 0.9760000 0.9453636 0.9887273 0.9614545
[428] 0.9415455 0.9834545 0.9780909 0.9800909 0.9881818 0.9610909 0.9683636
[435] 0.9495455 0.9730909 0.9963636 0.9857273 0.9735455 0.9935455 0.9509091
[442] 0.9710000 0.9890000 0.9373636 0.9637273 0.9877273 0.9925455 0.9450909
[449] 0.9785455 0.9479091 0.9755455 0.9869091 0.9818182 0.9864545 0.9410000
[456] 0.9897273 0.9565455 0.9635455 0.9970909 0.9848182 0.9630909 0.9690000
[463] 0.9850909 0.9837273 0.9706364 0.9852727 0.9969091 0.9871818 0.9725455
[470] 0.9875455 0.9682727 0.9756364 0.9905455 0.9731818 0.9739091 0.9638182
[477] 0.9801818 0.9971818 0.9886364 0.9880000 0.9570909 0.9910000 0.9592727
[484] 0.9918182 0.9663636 0.9930000 0.9941818 0.9452727 0.9641818 0.9863636
[491] 0.9827273 0.9514545 0.9962727 0.9829091 0.9842727 0.9759091 0.9842727
[498] 0.9755455 0.9896364 0.9841818

$PCD_vals_oLS
  [1] 0.9621818 0.9166364 0.9447273 0.9738182 0.9573636 0.9321818 0.9063636
  [8] 0.9446364 0.9263636 0.9469091 0.9153636 0.8952727 0.9675455 0.9213636
 [15] 0.9684545 0.9278182 0.9339091 0.9485455 0.9501818 0.9570000 0.9705455
 [22] 0.9944545 0.9947273 0.9667273 0.9559091 0.9574545 0.9779091 0.9143636
 [29] 0.9558182 0.9158182 0.9333636 0.9569091 0.9401818 0.9942727 0.9352727
 [36] 0.9616364 0.9298182 0.9325455 0.9514545 0.9241818 0.9536364 0.9536364
 [43] 0.9372727 0.9843636 0.9696364 0.9645455 0.9322727 0.8878182 0.9192727
 [50] 0.9470000 0.9885455 0.9224545 0.9315455 0.9490000 0.9750909 0.9815455
 [57] 0.9521818 0.9244545 0.7751818 0.9827273 0.9786364 0.9656364 0.9608182
 [64] 0.9489091 0.9050000 0.9439091 0.9888182 0.9840909 0.9964545 0.9633636
 [71] 0.9856364 0.9744545 0.9190000 0.9850909 0.9858182 0.9120909 0.9158182
 [78] 0.9431818 0.9332727 0.9243636 0.9743636 0.9876364 0.9368182 0.9700909
 [85] 0.9783636 0.9476364 0.9411818 0.9488182 0.9658182 0.9364545 0.9336364
 [92] 0.9434545 0.9272727 0.9204545 0.9498182 0.8727273 0.9760000 0.9487273
 [99] 0.9494545 0.9278182 0.9583636 0.9768182 0.9846364 0.9680000 0.9762727
[106] 0.9331818 0.9350000 0.9673636 0.9254545 0.9502727 0.9689091 0.9454545
[113] 0.9371818 0.9897273 0.9835455 0.9593636 0.9189091 0.9324545 0.9750909
[120] 0.9838182 0.9303636 0.9047273 0.9797273 0.9629091 0.9848182 0.9503636
[127] 0.9480909 0.9207273 0.9633636 0.9667273 0.9498182 0.9570000 0.9410000
[134] 0.9657273 0.9887273 0.9798182 0.9245455 0.9241818 0.9565455 0.9719091
[141] 0.9369091 0.8857273 0.9180000 0.8809091 0.9104545 0.9210909 0.9360000
[148] 0.9648182 0.9744545 0.9647273 0.9675455 0.9718182 0.9130909 0.9369091
[155] 0.9115455 0.9491818 0.9566364 0.9374545 0.9897273 0.9500000 0.9398182
[162] 0.8950000 0.9722727 0.9591818 0.9668182 0.9676364 0.9350000 0.9382727
[169] 0.9480000 0.9832727 0.9621818 0.9206364 0.9255455 0.9613636 0.9383636
[176] 0.9306364 0.9712727 0.9813636 0.9694545 0.9591818 0.9773636 0.9772727
[183] 0.9626364 0.9554545 0.9768182 0.9984545 0.8836364 0.9340000 0.9242727
[190] 0.9878182 0.9903636 0.9807273 0.9840000 0.9105455 0.8820000 0.9789091
[197] 0.9397273 0.9333636 0.9170000 0.9309091 0.9545455 0.9038182 0.9556364
[204] 0.9166364 0.9895455 0.9597273 0.9183636 0.9550000 0.9613636 0.9547273
[211] 0.9611818 0.9906364 0.9588182 0.9758182 0.9553636 0.9516364 0.9789091
[218] 0.9760909 0.9616364 0.9661818 0.9813636 0.9461818 0.9586364 0.9690909
[225] 0.9546364 0.9300000 0.9668182 0.9410909 0.9640909 0.9689091 0.9499091
[232] 0.9612727 0.9360909 0.9070909 0.9276364 0.9717273 0.9526364 0.9522727
[239] 0.9799091 0.9830909 0.9450000 0.9503636 0.9507273 0.9538182 0.9780000
[246] 0.9248182 0.9636364 0.9964545 0.9342727 0.9599091 0.9738182 0.9939091
[253] 0.9564545 0.9660000 0.9717273 0.9291818 0.9470000 0.9055455 0.9498182
[260] 0.8732727 0.9653636 0.9540909 0.9517273 0.9883636 0.9839091 0.9137273
[267] 0.9902727 0.9470909 0.9548182 0.9112727 0.9897273 0.9699091 0.9720000
[274] 0.9302727 0.9823636 0.9562727 0.8930000 0.9656364 0.9431818 0.9454545
[281] 0.8848182 0.9641818 0.9557273 0.9031818 0.9829091 0.9774545 0.9711818
[288] 0.9580000 0.9341818 0.9753636 0.9684545 0.9710909 0.8950000 0.9769091
[295] 0.9656364 0.8773636 0.9795455 0.9842727 0.8850909 0.8428182 0.9500909
[302] 0.8624545 0.9480000 0.9252727 0.9721818 0.9711818 0.8650000 0.9611818
[309] 0.9310909 0.9530000 0.9512727 0.9624545 0.9446364 0.9163636 0.8874545
[316] 0.9552727 0.9251818 0.9671818 0.9648182 0.9838182 0.9640000 0.9946364
[323] 0.9253636 0.9390000 0.8652727 0.9526364 0.9318182 0.9550909 0.9466364
[330] 0.9550000 0.9382727 0.9810000 0.8548182 0.8980000 0.9654545 0.9740000
[337] 0.9625455 0.9524545 0.8962727 0.9687273 0.9319091 0.9735455 0.9246364
[344] 0.9760909 0.9520909 0.9494545 0.9720000 0.9514545 0.9401818 0.9441818
[351] 0.9390000 0.9492727 0.9211818 0.9529091 0.9643636 0.9138182 0.8825455
[358] 0.9455455 0.9135455 0.9914545 0.9540909 0.9110000 0.9565455 0.9427273
[365] 0.9427273 0.9802727 0.8996364 0.8963636 0.9750909 0.9759091 0.9738182
[372] 0.9537273 0.9255455 0.9348182 0.9571818 0.9900909 0.9658182 0.8306364
[379] 0.9310909 0.9320000 0.9847273 0.9481818 0.9391818 0.9303636 0.8740909
[386] 0.9458182 0.9427273 0.9324545 0.9861818 0.9805455 0.9686364 0.9209091
[393] 0.9799091 0.8997273 0.9835455 0.9823636 0.9253636 0.9743636 0.9832727
[400] 0.9651818 0.9682727 0.9781818 0.9585455 0.9106364 0.9900909 0.9034545
[407] 0.9336364 0.9607273 0.9110909 0.9021818 0.9532727 0.9526364 0.9699091
[414] 0.8516364 0.9820000 0.9386364 0.9481818 0.9199091 0.9745455 0.9032727
[421] 0.9058182 0.9704545 0.9678182 0.9802727 0.8902727 0.9447273 0.9088182
[428] 0.9872727 0.9669091 0.9562727 0.9582727 0.9849091 0.9510000 0.9649091
[435] 0.9211818 0.9619091 0.9795455 0.9697273 0.7520909 0.9715455 0.9121818
[442] 0.9601818 0.9546364 0.8840000 0.9558182 0.9366364 0.9608182 0.9600909
[449] 0.9787273 0.9301818 0.9398182 0.9558182 0.9534545 0.9821818 0.9516364
[456] 0.9599091 0.9581818 0.9404545 0.9484545 0.9679091 0.9526364 0.9373636
[463] 0.9555455 0.9851818 0.9798182 0.9718182 0.9737273 0.9874545 0.9120909
[470] 0.9599091 0.9858182 0.9258182 0.9399091 0.9634545 0.9730000 0.9045455
[477] 0.9928182 0.9235455 0.9523636 0.9536364 0.9359091 0.9282727 0.9387273
[484] 0.9974545 0.9703636 0.9146364 0.9738182 0.9692727 0.9658182 0.9504545
[491] 0.9325455 0.9778182 0.9831818 0.9665455 0.9738182 0.9824545 0.9683636
[498] 0.9623636 0.9728182 0.9421818

$V_RF
  [1] 0.5611718 0.5589877 0.5575818 0.5597765 0.5615971 0.5581183 0.5546917
  [8] 0.5609151 0.5611769 0.5609195 0.5614101 0.5609250 0.5599828 0.5608297
 [15] 0.5602271 0.5588596 0.5613123 0.5519043 0.5598942 0.5596638 0.5588226
 [22] 0.5593568 0.5608632 0.5613053 0.5584706 0.5582192 0.5617701 0.5609332
 [29] 0.5616637 0.5595788 0.5588082 0.5556660 0.5604001 0.5537273 0.5600065
 [36] 0.5606354 0.5469286 0.5596977 0.5603839 0.5611509 0.5612855 0.5600172
 [43] 0.5587824 0.5583388 0.5602841 0.5542587 0.5594004 0.5557759 0.5614001
 [50] 0.5617369 0.5615434 0.5595307 0.5581355 0.5598800 0.5564894 0.5611143
 [57] 0.5583578 0.5568046 0.5589796 0.5547738 0.5599654 0.5606277 0.5613192
 [64] 0.5610538 0.5583444 0.5617395 0.5588539 0.5597964 0.5607641 0.5616572
 [71] 0.5591768 0.5577522 0.5603182 0.5591914 0.5605195 0.5611937 0.5610697
 [78] 0.5542848 0.5610624 0.5607982 0.5590332 0.5617626 0.5615971 0.5614216
 [85] 0.5614421 0.5556660 0.5614979 0.5604164 0.5610978 0.5600318 0.5605735
 [92] 0.5599120 0.5613580 0.5613013 0.5607255 0.5557011 0.5548293 0.5578563
 [99] 0.5603084 0.5551245 0.5553731 0.5613301 0.5599000 0.5612718 0.5591182
[106] 0.5613751 0.5611791 0.5607113 0.5580381 0.5607838 0.5540859 0.5609776
[113] 0.5613483 0.5599616 0.5612783 0.5616771 0.5610248 0.5586041 0.5613465
[120] 0.5576359 0.5595145 0.5534163 0.5607322 0.5593840 0.5601272 0.5615817
[127] 0.5606700 0.5584732 0.5616024 0.5581823 0.5594085 0.5586705 0.5615365
[134] 0.5584491 0.5615707 0.5609819 0.5601795 0.5616196 0.5605454 0.5590704
[141] 0.5594933 0.5485529 0.5491769 0.5599994 0.5577600 0.5563647 0.5594978
[148] 0.5611111 0.5608849 0.5608015 0.5603741 0.5595968 0.5589177 0.5535017
[155] 0.5614465 0.5600599 0.5616093 0.5614041 0.5613436 0.5608404 0.5604538
[162] 0.5540507 0.5617650 0.5600824 0.5564971 0.5575862 0.5603830 0.5586510
[169] 0.5581659 0.5615485 0.5598277 0.5591569 0.5605349 0.5616660 0.5611687
[176] 0.5535194 0.5606174 0.5585046 0.5579492 0.5586553 0.5599379 0.5556818
[183] 0.5612667 0.5616306 0.5595810 0.5572667 0.5576757 0.5605528 0.5605812
[190] 0.5617163 0.5615814 0.5603229 0.5604020 0.5540746 0.5571706 0.5598838
[197] 0.5594380 0.5580672 0.5595890 0.5596884 0.5600577 0.5583156 0.5589777
[204] 0.5542920 0.5562604 0.5580324 0.5588883 0.5543196 0.5605832 0.5611935
[211] 0.5572107 0.5616593 0.5616048 0.5615027 0.5601443 0.5610669 0.5617385
[218] 0.5616981 0.5615441 0.5613858 0.5610606 0.5604158 0.5543576 0.5594331
[225] 0.5606218 0.5584857 0.5617041 0.5604657 0.5608697 0.5611374 0.5613820
[232] 0.5610781 0.5537611 0.5612968 0.5596698 0.5599595 0.5609289 0.5585547
[239] 0.5564646 0.5605620 0.5616105 0.5616283 0.5593449 0.5617574 0.5597935
[246] 0.5598537 0.5616738 0.5614930 0.5613765 0.5593636 0.5601624 0.5593196
[253] 0.5608486 0.5609633 0.5616075 0.5575561 0.5563092 0.5576769 0.5600328
[260] 0.5563480 0.5610002 0.5562118 0.5612654 0.5588616 0.5601180 0.5593186
[267] 0.5617467 0.5616237 0.5566512 0.5609269 0.5594300 0.5597265 0.5586314
[274] 0.5580641 0.5600226 0.5613955 0.5593778 0.5616343 0.5588530 0.5601799
[281] 0.5602308 0.5526092 0.5586409 0.5560666 0.5599963 0.5597628 0.5576232
[288] 0.5614861 0.5615078 0.5605109 0.5617079 0.5610938 0.5578861 0.5602730
[295] 0.5597884 0.5597609 0.5604615 0.5616260 0.5568008 0.5584711 0.5603138
[302] 0.5595231 0.5614891 0.5596998 0.5594651 0.5600589 0.5570851 0.5561942
[309] 0.5598522 0.5593841 0.5590415 0.5602899 0.5604126 0.5617652 0.5562720
[316] 0.5615447 0.5572794 0.5558773 0.5595343 0.5613602 0.5611534 0.5588158
[323] 0.5585542 0.5549507 0.5569673 0.5605831 0.5612383 0.5569553 0.5558681
[330] 0.5591086 0.5602681 0.5613836 0.5587646 0.5608314 0.5603535 0.5606584
[337] 0.5601722 0.5478277 0.5539503 0.5605488 0.5592827 0.5598303 0.5616695
[344] 0.5597964 0.5590327 0.5610408 0.5582412 0.5519048 0.5587895 0.5598574
[351] 0.5587374 0.5560617 0.5579398 0.5595957 0.5613101 0.5603954 0.5617302
[358] 0.5605214 0.5607086 0.5612783 0.5606305 0.5562753 0.5612427 0.5607722
[365] 0.5608878 0.5603591 0.5600196 0.5611009 0.5605041 0.5611918 0.5611221
[372] 0.5578672 0.5607838 0.5553500 0.5597742 0.5611345 0.5613003 0.5598055
[379] 0.5610400 0.5569423 0.5585837 0.5580439 0.5572261 0.5611602 0.5594453
[386] 0.5616667 0.5615473 0.5589261 0.5589866 0.5607333 0.5613896 0.5614128
[393] 0.5615000 0.5614477 0.5568894 0.5606114 0.5573537 0.5592748 0.5581805
[400] 0.5611992 0.5600620 0.5613774 0.5540600 0.5608053 0.5612808 0.5572847
[407] 0.5598604 0.5606865 0.5610837 0.5570162 0.5564046 0.5573577 0.5593586
[414] 0.5590182 0.5615357 0.5601579 0.5597118 0.5613151 0.5608454 0.5611479
[421] 0.5563715 0.5616186 0.5612815 0.5596902 0.5438534 0.5600644 0.5607504
[428] 0.5544139 0.5598552 0.5583278 0.5579105 0.5612474 0.5597123 0.5553261
[435] 0.5574286 0.5609696 0.5616210 0.5591525 0.5599728 0.5588383 0.5491203
[442] 0.5613823 0.5617289 0.5539097 0.5606300 0.5587990 0.5591642 0.5546939
[449] 0.5605591 0.5589580 0.5586973 0.5610328 0.5546641 0.5615426 0.5513736
[456] 0.5592688 0.5576710 0.5590027 0.5603859 0.5569480 0.5612403 0.5589401
[463] 0.5615689 0.5599986 0.5594990 0.5615751 0.5601109 0.5612842 0.5557234
[470] 0.5609122 0.5593730 0.5610893 0.5613511 0.5596650 0.5593690 0.5610410
[477] 0.5614667 0.5617121 0.5591340 0.5612666 0.5569236 0.5613549 0.5606380
[484] 0.5615912 0.5597004 0.5598033 0.5615881 0.5566608 0.5601044 0.5602693
[491] 0.5550572 0.5604860 0.5607660 0.5612689 0.5610150 0.5594996 0.5614650
[498] 0.5569674 0.5610368 0.5589480

$V_CXLS
  [1] 0.5611371 0.5614805 0.5601047 0.5613599 0.5613273 0.5605199 0.5578697
  [8] 0.5617570 0.5527251 0.5600012 0.5613985 0.5615845 0.5616213 0.5587761
 [15] 0.5542599 0.5597789 0.5529742 0.5557785 0.5615919 0.5571970 0.5592817
 [22] 0.5607196 0.5607846 0.5608517 0.5600945 0.5604514 0.5617277 0.5585001
 [29] 0.5575350 0.5572269 0.5581024 0.5579447 0.5592824 0.5612741 0.5570976
 [36] 0.5614497 0.5543581 0.5608123 0.5608364 0.5551488 0.5612491 0.5602901
 [43] 0.5605159 0.5605372 0.5614365 0.5606658 0.5609735 0.5587508 0.5608354
 [50] 0.5603539 0.5605366 0.5609441 0.5534593 0.5554660 0.5563749 0.5610977
 [57] 0.5610708 0.5600101 0.5601716 0.5615342 0.5615783 0.5606694 0.5616332
 [64] 0.5595363 0.5600135 0.5614854 0.5609369 0.5614912 0.5615414 0.5615944
 [71] 0.5615450 0.5597745 0.5605787 0.5592173 0.5613740 0.5586497 0.5598967
 [78] 0.5566558 0.5611507 0.5595783 0.5600474 0.5568146 0.5582747 0.5616189
 [85] 0.5591773 0.5586914 0.5591483 0.5612412 0.5617511 0.5544135 0.5570778
 [92] 0.5611876 0.5596411 0.5593596 0.5612616 0.5587957 0.5610016 0.5570983
 [99] 0.5611411 0.5555998 0.5588343 0.5600503 0.5603760 0.5610717 0.5569071
[106] 0.5556714 0.5610916 0.5615402 0.5554548 0.5603857 0.5485358 0.5617637
[113] 0.5614827 0.5607610 0.5611238 0.5616948 0.5593940 0.5598894 0.5613730
[120] 0.5573534 0.5598849 0.5556745 0.5615801 0.5508293 0.5615924 0.5615391
[127] 0.5598129 0.5548014 0.5616129 0.5584991 0.5595309 0.5523627 0.5540132
[134] 0.5589160 0.5586203 0.5610453 0.5604392 0.5614501 0.5587648 0.5604698
[141] 0.5597082 0.5484921 0.5558755 0.5466771 0.5555757 0.5582959 0.5606416
[148] 0.5606334 0.5605573 0.5614067 0.5610010 0.5608017 0.5586866 0.5596442
[155] 0.5530195 0.5612322 0.5616205 0.5610733 0.5600154 0.5599750 0.5605085
[162] 0.5564698 0.5613754 0.5610209 0.5551090 0.5557611 0.5616256 0.5603543
[169] 0.5592611 0.5617430 0.5580717 0.5606037 0.5610433 0.5614586 0.5612694
[176] 0.5535604 0.5602297 0.5592791 0.5601501 0.5600620 0.5611295 0.5595354
[183] 0.5610599 0.5617604 0.5577688 0.5600067 0.5596212 0.5607519 0.5590381
[190] 0.5609999 0.5614574 0.5584098 0.5616516 0.5608234 0.5520159 0.5608214
[197] 0.5591729 0.5614850 0.5595157 0.5597963 0.5610172 0.5605978 0.5590212
[204] 0.5562949 0.5564171 0.5608321 0.5577239 0.5617709 0.5605795 0.5610345
[211] 0.5610181 0.5614018 0.5604416 0.5612450 0.5612222 0.5587851 0.5617740
[218] 0.5609568 0.5614552 0.5606323 0.5608882 0.5537221 0.5583592 0.5607872
[225] 0.5614900 0.5600231 0.5604942 0.5608314 0.5570067 0.5608227 0.5602029
[232] 0.5593844 0.5544194 0.5608540 0.5615577 0.5609854 0.5615639 0.5577921
[239] 0.5578115 0.5613538 0.5612763 0.5587052 0.5571689 0.5556965 0.5587331
[246] 0.5600179 0.5615895 0.5614390 0.5580448 0.5583533 0.5605376 0.5555851
[253] 0.5616011 0.5614993 0.5617540 0.5584098 0.5578049 0.5582712 0.5615276
[260] 0.5595342 0.5598650 0.5551146 0.5600126 0.5595112 0.5605548 0.5608653
[267] 0.5616494 0.5616217 0.5602669 0.5585812 0.5609892 0.5605722 0.5559363
[274] 0.5591878 0.5616145 0.5614761 0.5603318 0.5610748 0.5607348 0.5540713
[281] 0.5588274 0.5573653 0.5607441 0.5579793 0.5608394 0.5588544 0.5588095
[288] 0.5598166 0.5608034 0.5616650 0.5613382 0.5607943 0.5572641 0.5607222
[295] 0.5573464 0.5545161 0.5600254 0.5616586 0.5575536 0.5536355 0.5588599
[302] 0.5588345 0.5612806 0.5601584 0.5589183 0.5586138 0.5594699 0.5617634
[309] 0.5585177 0.5581005 0.5597094 0.5607581 0.5616271 0.5614586 0.5562904
[316] 0.5612365 0.5595434 0.5550546 0.5574025 0.5606740 0.5598821 0.5611455
[323] 0.5587657 0.5560604 0.5588634 0.5611236 0.5560292 0.5579062 0.5580505
[330] 0.5580667 0.5607616 0.5608365 0.5592018 0.5604866 0.5599110 0.5605128
[337] 0.5570046 0.5360720 0.5549196 0.5612391 0.5608651 0.5593735 0.5594598
[344] 0.5607547 0.5611634 0.5613017 0.5574052 0.5550646 0.5587762 0.5600049
[351] 0.5600792 0.5577627 0.5608749 0.5604124 0.5616000 0.5615060 0.5508621
[358] 0.5513033 0.5589779 0.5604660 0.5606384 0.5601166 0.5617392 0.5617497
[365] 0.5581148 0.5614332 0.5583233 0.5617350 0.5614592 0.5614042 0.5616616
[372] 0.5596166 0.5600241 0.5562439 0.5597738 0.5614249 0.5589393 0.5605789
[379] 0.5608726 0.5572971 0.5586332 0.5584815 0.5492781 0.5616027 0.5578015
[386] 0.5613352 0.5533596 0.5596745 0.5606375 0.5612820 0.5616576 0.5614001
[393] 0.5606060 0.5575076 0.5602627 0.5610852 0.5595034 0.5582788 0.5591283
[400] 0.5611004 0.5596572 0.5614886 0.5567766 0.5609701 0.5612360 0.5605235
[407] 0.5555350 0.5614637 0.5614526 0.5575492 0.5580265 0.5562150 0.5587871
[414] 0.5504478 0.5588383 0.5608627 0.5606523 0.5614801 0.5616291 0.5584413
[421] 0.5609315 0.5607491 0.5581105 0.5602107 0.5544403 0.5612791 0.5578487
[428] 0.5517435 0.5611762 0.5601635 0.5606670 0.5614298 0.5576001 0.5589617
[435] 0.5547637 0.5599726 0.5617489 0.5612627 0.5604936 0.5616187 0.5576098
[442] 0.5594631 0.5614592 0.5515629 0.5601195 0.5613588 0.5616566 0.5556085
[449] 0.5607951 0.5556340 0.5602741 0.5613331 0.5609304 0.5613427 0.5529648
[456] 0.5614779 0.5578107 0.5583306 0.5617625 0.5613354 0.5583690 0.5593429
[463] 0.5612195 0.5611249 0.5595027 0.5613685 0.5617705 0.5612785 0.5600413
[470] 0.5611377 0.5588413 0.5600233 0.5615634 0.5591607 0.5601933 0.5584381
[477] 0.5611128 0.5617687 0.5615099 0.5614593 0.5582686 0.5615523 0.5580980
[484] 0.5616430 0.5595521 0.5616728 0.5616712 0.5564101 0.5586355 0.5613943
[491] 0.5608987 0.5549732 0.5617482 0.5609864 0.5611597 0.5599326 0.5612866
[498] 0.5603517 0.5615865 0.5614410

$V_OLS
  [1] 0.5586064 0.5427369 0.5532185 0.5596355 0.5570987 0.5524213 0.5430535
  [8] 0.5541648 0.5475621 0.5542684 0.5489817 0.5328804 0.5580540 0.5449868
 [15] 0.5591898 0.5508782 0.5542932 0.5555764 0.5543290 0.5569600 0.5603537
 [22] 0.5616939 0.5616916 0.5588019 0.5565350 0.5578683 0.5601336 0.5425831
 [29] 0.5564999 0.5435492 0.5499221 0.5584002 0.5518643 0.5617142 0.5534009
 [36] 0.5582505 0.5496388 0.5515650 0.5558214 0.5464753 0.5580256 0.5581660
 [43] 0.5515085 0.5611666 0.5594371 0.5574742 0.5533905 0.5368685 0.5498905
 [50] 0.5542713 0.5615450 0.5513660 0.5497044 0.5553253 0.5598523 0.5610514
 [57] 0.5545448 0.5476708 0.4348621 0.5607510 0.5610935 0.5579983 0.5578609
 [64] 0.5546724 0.5374099 0.5534508 0.5613298 0.5610627 0.5617574 0.5580862
 [71] 0.5613976 0.5598009 0.5457682 0.5610479 0.5614717 0.5426810 0.5423173
 [78] 0.5555258 0.5497814 0.5464549 0.5603725 0.5614218 0.5508606 0.5599337
 [85] 0.5602399 0.5554724 0.5555283 0.5564812 0.5591953 0.5518933 0.5498688
 [92] 0.5527841 0.5478105 0.5443541 0.5553489 0.5316398 0.5602515 0.5547956
 [99] 0.5563312 0.5467677 0.5587331 0.5599760 0.5613687 0.5588776 0.5602152
[106] 0.5469978 0.5508058 0.5589663 0.5470139 0.5572017 0.5600774 0.5558447
[113] 0.5508332 0.5614606 0.5610365 0.5576529 0.5442922 0.5522214 0.5599976
[120] 0.5610520 0.5494835 0.5428308 0.5609533 0.5577969 0.5612335 0.5554640
[127] 0.5545236 0.5437098 0.5575031 0.5590853 0.5564448 0.5564790 0.5525117
[134] 0.5583303 0.5613220 0.5605631 0.5454682 0.5446724 0.5576503 0.5597428
[141] 0.5504945 0.5280450 0.5490197 0.5237902 0.5414809 0.5457179 0.5540347
[148] 0.5596511 0.5607466 0.5578547 0.5593670 0.5591806 0.5476861 0.5548244
[155] 0.5414311 0.5532525 0.5566199 0.5507299 0.5615914 0.5550462 0.5535356
[162] 0.5331484 0.5593253 0.5572904 0.5579286 0.5590717 0.5510924 0.5513284
[169] 0.5539380 0.5609995 0.5573313 0.5509181 0.5457771 0.5586399 0.5548163
[176] 0.5481681 0.5601529 0.5611252 0.5586995 0.5578435 0.5604049 0.5604647
[183] 0.5582676 0.5554265 0.5598755 0.5617797 0.5240098 0.5499369 0.5461575
[190] 0.5613978 0.5616052 0.5606231 0.5612695 0.5375843 0.5307611 0.5605861
[197] 0.5518538 0.5539154 0.5481097 0.5468093 0.5578233 0.5439315 0.5571945
[204] 0.5433356 0.5612858 0.5574139 0.5458359 0.5562756 0.5569605 0.5562900
[211] 0.5591099 0.5615394 0.5572988 0.5598280 0.5571615 0.5545826 0.5610037
[218] 0.5601747 0.5581082 0.5588782 0.5612867 0.5533718 0.5583924 0.5596092
[225] 0.5560149 0.5503873 0.5598078 0.5514121 0.5576646 0.5597525 0.5551996
[232] 0.5591287 0.5536420 0.5392472 0.5464135 0.5594701 0.5560249 0.5562764
[239] 0.5606716 0.5611338 0.5543215 0.5547252 0.5558825 0.5563241 0.5606949
[246] 0.5464490 0.5589129 0.5617384 0.5529230 0.5576051 0.5597419 0.5616630
[253] 0.5568286 0.5594215 0.5593082 0.5488132 0.5538337 0.5374783 0.5569444
[260] 0.5263914 0.5591825 0.5580102 0.5551773 0.5613764 0.5610151 0.5482392
[267] 0.5614930 0.5545122 0.5559096 0.5457066 0.5615519 0.5599474 0.5599218
[274] 0.5500255 0.5610819 0.5567643 0.5319004 0.5595225 0.5535953 0.5527316
[281] 0.5326352 0.5575066 0.5581618 0.5418345 0.5610798 0.5600150 0.5595941
[288] 0.5573160 0.5528232 0.5606985 0.5599917 0.5600467 0.5310692 0.5599345
[295] 0.5577624 0.5244367 0.5603144 0.5610233 0.5325500 0.4942806 0.5554711
[302] 0.5108229 0.5549416 0.5476806 0.5594386 0.5594173 0.5127922 0.5581408
[309] 0.5526241 0.5550724 0.5558603 0.5580645 0.5531249 0.5415042 0.5253948
[316] 0.5585311 0.5524404 0.5599505 0.5585300 0.5609381 0.5579492 0.5617347
[323] 0.5483722 0.5519051 0.5284500 0.5559037 0.5496575 0.5569246 0.5552879
[330] 0.5569224 0.5511761 0.5607508 0.5251533 0.5349901 0.5586131 0.5597046
[337] 0.5587336 0.5561368 0.5391190 0.5588208 0.5517761 0.5601594 0.5475096
[344] 0.5601088 0.5559272 0.5548989 0.5593534 0.5554329 0.5518227 0.5537157
[351] 0.5529057 0.5559294 0.5503725 0.5572037 0.5584139 0.5400239 0.5257347
[358] 0.5542190 0.5485804 0.5617009 0.5563829 0.5446242 0.5584138 0.5538543
[365] 0.5513583 0.5604971 0.5427702 0.5431565 0.5599188 0.5603547 0.5604719
[372] 0.5561980 0.5466500 0.5504301 0.5577716 0.5615473 0.5584841 0.4862267
[379] 0.5477288 0.5524218 0.5610765 0.5544513 0.5515468 0.5514986 0.5162829
[386] 0.5538011 0.5544090 0.5534526 0.5610755 0.5610147 0.5592517 0.5444833
[393] 0.5605949 0.5306024 0.5608960 0.5608659 0.5500539 0.5600341 0.5609751
[400] 0.5597596 0.5589069 0.5602860 0.5586308 0.5413032 0.5614686 0.5346076
[407] 0.5488253 0.5571827 0.5396476 0.5349023 0.5570137 0.5560331 0.5600484
[414] 0.5193773 0.5608788 0.5509613 0.5548048 0.5478850 0.5602264 0.5347425
[421] 0.5407124 0.5593123 0.5600096 0.5607493 0.5403769 0.5564311 0.5410068
[428] 0.5614668 0.5584829 0.5577356 0.5565767 0.5610857 0.5551749 0.5584008
[435] 0.5474739 0.5580952 0.5607386 0.5592601 0.4436513 0.5593652 0.5432685
[442] 0.5590116 0.5569786 0.5249713 0.5565470 0.5534790 0.5570987 0.5582493
[449] 0.5607598 0.5507741 0.5513616 0.5558313 0.5551105 0.5609228 0.5562616
[456] 0.5578705 0.5576475 0.5549861 0.5564965 0.5598273 0.5564684 0.5503924
[463] 0.5559382 0.5611804 0.5607016 0.5597659 0.5605014 0.5614221 0.5453236
[470] 0.5584644 0.5611476 0.5476936 0.5552723 0.5587473 0.5605612 0.5387212
[477] 0.5616536 0.5510477 0.5567361 0.5558926 0.5518302 0.5475401 0.5505452
[484] 0.5617751 0.5592486 0.5464866 0.5598972 0.5590950 0.5585655 0.5551786
[491] 0.5530367 0.5605800 0.5608927 0.5594999 0.5600915 0.5607654 0.5591390
[498] 0.5582953 0.5597133 0.5525043

$Beta_CX
                [,1]      [,2]      [,3]
  [1,]  0.0362323188 1.0468711 0.9665187
  [2,] -0.0421599257 1.0627144 1.0292351
  [3,]  0.0851082256 0.9268149 1.0148997
  [4,] -0.0453981300 1.1319089 1.0749780
  [5,]  0.0355641199 0.9403900 0.9990389
  [6,] -0.0824005270 0.9108358 0.8842352
  [7,] -0.1341345479 0.9127937 1.0455170
  [8,]  0.0005562911 1.0492366 1.0700582
  [9,]  0.1063947442 0.8760594 1.2253331
 [10,]  0.1211623486 1.0781809 1.0889290
 [11,] -0.0521655272 1.0892323 1.1234798
 [12,]  0.0274046069 0.9971224 0.9629775
 [13,] -0.0263927281 1.1042670 1.0684876
 [14,]  0.0013493805 0.8755185 1.0762262
 [15,]  0.0447093007 0.8401381 1.1647279
 [16,] -0.1129891457 0.9472301 0.9715361
 [17,] -0.0478925658 1.1928983 0.8387272
 [18,]  0.2354418821 1.1624650 1.3036682
 [19,]  0.0146464864 0.9599235 0.9156339
 [20,]  0.1244565663 0.7862990 0.9132580
 [21,] -0.0323351705 0.9923941 1.1926183
 [22,] -0.0123741448 0.9974014 1.1256400
 [23,] -0.0534626453 1.1063745 1.2211372
 [24,]  0.0214267279 1.0784714 0.9656829
 [25,] -0.0375696627 1.0965923 0.9478800
 [26,] -0.0569663271 0.9031427 1.0060203
 [27,] -0.0182678914 0.9875433 0.9954502
 [28,]  0.0619369895 0.8297477 1.0058329
 [29,]  0.1188678576 0.8015782 0.9323756
 [30,] -0.0943795237 0.8564881 1.0624143
 [31,] -0.1446860499 0.9226819 0.8908909
 [32,]  0.1372249219 0.8719414 0.9617193
 [33,] -0.0297872619 0.7825528 0.9383648
 [34,] -0.0235914127 1.0148886 0.9389927
 [35,] -0.1026063547 0.9225641 1.1488373
 [36,]  0.0229124079 0.9676631 1.0278409
 [37,] -0.1903662043 1.0541690 0.8879536
 [38,] -0.0730733246 1.0840796 1.1634708
 [39,] -0.0448052071 1.0258225 1.1321594
 [40,]  0.0936552095 0.8706138 0.6726728
 [41,]  0.0168245429 1.1185675 1.0286566
 [42,]  0.0666695906 1.0064895 0.9058346
 [43,]  0.0194655222 1.1397557 1.0004744
 [44,]  0.0458789944 0.8433466 0.9417248
 [45,] -0.0474748968 1.0632149 1.0328956
 [46,]  0.0047460199 0.8348959 0.9453761
 [47,]  0.0730423507 0.9703619 0.9756197
 [48,]  0.1351508780 0.9575627 0.9249612
 [49,] -0.0673198389 0.9703468 0.9178424
 [50,]  0.0623714743 1.0984390 0.9813959
 [51,]  0.0016084407 0.9115448 0.7988238
 [52,] -0.0669579431 0.8728974 0.8894427
 [53,]  0.0290114489 1.0025361 1.4213155
 [54,] -0.0750446528 1.2010080 0.9033725
 [55,]  0.2055911338 1.0720041 1.0411107
 [56,]  0.0722537473 1.0414741 1.0451143
 [57,] -0.0708013342 1.0309816 1.0642813
 [58,]  0.0754804996 0.8189581 0.7561295
 [59,] -0.0458313786 1.0199881 0.8915096
 [60,]  0.0102865619 1.0165292 0.9598352
 [61,] -0.0425951789 1.1363476 1.1423216
 [62,] -0.0393969931 1.1207229 1.0005647
 [63,]  0.0210117194 1.0369173 1.0011188
 [64,] -0.0316943106 0.8716652 0.7358962
 [65,]  0.0688803956 0.9266697 1.0473794
 [66,]  0.0312494788 1.0721752 1.1278871
 [67,]  0.0241500325 0.8966353 0.9933524
 [68,]  0.0145881200 0.9201726 0.8672741
 [69,]  0.0091095087 0.8752099 0.9257198
 [70,]  0.0270729578 0.9415469 0.9130554
 [71,] -0.0382595472 0.9489112 0.9566409
 [72,]  0.0595880234 1.1937553 1.0280684
 [73,] -0.0980631893 1.0748663 1.1075990
 [74,]  0.0496575542 1.2208775 1.0198329
 [75,] -0.0323178211 0.9442010 0.8911479
 [76,] -0.0319130830 0.8266562 1.0149274
 [77,]  0.1265229666 1.2283529 1.1542937
 [78,]  0.1707466904 0.9009512 0.8897873
 [79,]  0.0490372174 1.0603340 0.9936372
 [80,] -0.1090647446 1.0400012 0.9558613
 [81,]  0.0878708220 0.9672324 0.8929634
 [82,] -0.0549538468 1.1772633 0.9110112
 [83,] -0.0928395158 0.8269530 0.9808285
 [84,] -0.0371063048 1.1462773 1.1314932
 [85,] -0.1287309715 0.9758494 1.0405117
 [86,] -0.0821921439 0.9095271 0.7766575
 [87,] -0.0562339488 1.0164905 0.8547450
 [88,] -0.0584547377 1.0396903 1.0052080
 [89,]  0.0004528192 0.8863939 0.9058529
 [90,]  0.1439593456 0.9442178 1.2360365
 [91,] -0.1091802365 0.8895329 0.7445777
 [92,]  0.0551828248 1.1668908 1.0999441
 [93,] -0.0353081690 0.8274951 0.9760560
 [94,] -0.0690513815 0.9426232 1.1052806
 [95,] -0.0248321976 1.0110570 0.9352578
 [96,]  0.0715171101 1.3597074 1.1261564
 [97,]  0.0201132905 0.8182884 0.9034627
 [98,]  0.0508737441 1.0209014 0.7978014
 [99,] -0.0774795074 1.2296930 1.1926182
[100,] -0.1745629564 1.0348311 1.2748242
[101,]  0.0463031191 1.0003102 1.2166945
[102,]  0.0009668396 1.0500639 1.2283956
[103,]  0.0119829287 0.9312796 1.0709225
[104,]  0.0469071099 1.0364756 0.9623859
[105,] -0.1816460742 0.9741517 0.9862402
[106,] -0.1325627019 1.5835005 1.2140394
[107,] -0.0605805940 0.9219429 0.9585036
[108,]  0.0416761542 1.0113588 1.0066102
[109,]  0.0845454941 1.0302492 1.3726069
[110,]  0.1019410646 1.0476685 1.0284655
[111,] -0.1248259041 1.0712781 0.7189373
[112,] -0.0085482180 0.8865725 0.8785889
[113,]  0.0445179834 1.0616158 1.0362371
[114,]  0.0337948795 1.0432202 0.9345744
[115,] -0.0459008557 0.9950567 0.9295332
[116,] -0.0257037985 1.0440202 1.0412437
[117,] -0.0931394954 0.9443474 1.0764518
[118,]  0.0993321527 0.9913920 0.9236699
[119,]  0.0556867031 1.1874648 1.1480300
[120,]  0.0011934155 0.9736576 1.2514862
[121,] -0.0435604063 0.7833443 0.9073049
[122,]  0.1327087982 0.9144222 1.1570582
[123,]  0.0377731509 1.0123931 1.0046204
[124,]  0.0575898090 1.1696937 0.7888721
[125,]  0.0138108233 1.0742705 1.0232093
[126,]  0.0059939514 1.1326208 1.1997781
[127,] -0.0431219993 0.8322248 0.7181282
[128,] -0.0284488704 1.1059857 0.8069485
[129,]  0.0019328638 0.9926896 0.9453883
[130,] -0.1318147666 0.9687410 0.8944185
[131,]  0.1046322992 1.0212732 0.9313086
[132,] -0.1845881107 0.8117134 1.0295870
[133,] -0.0783438750 1.1186186 0.8149745
[134,]  0.1231590382 0.8734158 0.8631062
[135,] -0.0355327941 0.9483381 0.7734532
[136,] -0.0293554804 0.9120195 0.9995224
[137,]  0.0947902409 0.9927234 0.9749186
[138,]  0.0444627499 1.0346979 1.0050553
[139,] -0.1308487527 0.9618455 0.9062135
[140,] -0.0647635905 1.0562901 0.9547731
[141,] -0.0071488137 0.9760128 1.1581771
[142,] -0.0641118465 0.7332523 1.1344856
[143,] -0.1464085019 0.8444662 0.7423371
[144,] -0.0060135920 0.6620085 1.0704223
[145,] -0.1680288439 0.9069574 1.0861057
[146,] -0.1616312647 1.0252849 1.0608102
[147,]  0.0817916171 1.0155150 1.0809300
[148,] -0.0500676878 1.0354206 1.1551081
[149,] -0.0869362528 0.9323571 0.9454188
[150,]  0.0110213418 1.1999259 1.1166874
[151,]  0.0326176159 1.0489623 0.9552520
[152,] -0.0852331011 1.0932536 1.1459113
[153,] -0.1034622415 1.0847030 0.9322053
[154,] -0.1064381287 0.9945449 1.0975117
[155,] -0.0597116005 0.9645537 0.6842665
[156,] -0.0658610800 1.0807086 1.1067912
[157,] -0.0135600874 0.9965513 0.9537241
[158,]  0.0587553465 0.9266714 0.8907182
[159,]  0.0657290536 0.9267110 1.0509308
[160,] -0.0779810004 1.2397486 1.0901162
[161,] -0.0161684047 1.1242854 0.9851633
[162,] -0.1020033086 1.0049129 0.8021804
[163,]  0.0359972143 1.1015192 1.0386515
[164,] -0.0739658019 1.0379020 1.0717343
[165,]  0.1261667530 0.8501957 1.0927699
[166,]  0.2248021616 1.1124295 1.0757567
[167,]  0.0264082555 0.9646049 0.9404736
[168,]  0.0789445789 1.1566149 1.2897583
[169,] -0.1435047478 1.0746283 1.1085877
[170,] -0.0183506129 1.1414543 1.1484020
[171,]  0.1526213735 1.0099197 1.1245465
[172,] -0.0746642665 0.8596254 0.8327272
[173,]  0.0729146412 1.0190381 1.0150999
[174,] -0.0406888641 0.9097410 0.8898405
[175,] -0.0324195863 1.0823174 1.1656953
[176,]  0.2676115084 1.0976726 1.2173966
[177,] -0.0938469958 1.0059322 0.9499603
[178,]  0.0148497153 0.9786420 0.8121203
[179,]  0.0085822716 1.0261690 1.1940464
[180,] -0.0801442184 0.8829158 0.9732906
[181,] -0.0260410752 0.9538869 0.8746529
[182,]  0.0940574793 1.0262087 1.1681559
[183,] -0.0645027047 0.9976198 0.9596076
[184,]  0.0123408105 1.0278141 1.0349728
[185,] -0.1524016340 0.9961676 0.9210938
[186,]  0.0909481198 1.1453521 1.0325102
[187,]  0.0978254062 1.0482865 0.9439158
[188,]  0.0795744673 0.9482199 0.9772000
[189,] -0.1054412529 0.9135749 1.0354624
[190,] -0.0352202707 0.9006728 0.9849964
[191,] -0.0253636132 0.9419220 0.8908850
[192,] -0.1068822865 1.0225909 0.8790790
[193,]  0.0242191084 1.1398716 1.1768067
[194,]  0.0228092903 0.9072299 1.0131924
[195,]  0.1345144972 0.9221283 0.6874099
[196,]  0.0691928658 1.0278485 0.9656512
[197,] -0.0335716018 1.0948217 0.9084615
[198,] -0.0367079330 1.0432897 1.0015358
[199,] -0.0635316401 1.1165381 0.9547461
[200,]  0.1113494176 0.9434878 0.9752582
[201,] -0.0588301738 1.0067233 1.0749961
[202,] -0.0353712306 0.9020851 0.8040622
[203,]  0.0392089366 1.0544121 0.8728720
[204,]  0.1182610561 0.9898946 1.2571961
[205,] -0.1652572029 0.8604370 0.9512055
[206,]  0.0391587866 0.9302583 1.0284183
[207,] -0.1550018807 0.9594927 1.0659196
[208,]  0.0089538265 0.9399088 0.9407424
[209,] -0.0143650947 0.9049952 1.0287934
[210,]  0.0211319748 1.1073110 1.0034545
[211,]  0.0294875089 1.1082410 1.0075016
[212,]  0.0538573658 1.1563588 1.1228029
[213,] -0.0068640664 0.9114986 1.0452241
[214,] -0.0634726011 1.0281631 1.0378733
[215,] -0.0636860340 1.0234645 1.0122226
[216,] -0.1185123490 0.9741413 1.1092819
[217,]  0.0009628253 0.9610931 0.9724452
[218,] -0.0259254741 1.1903074 1.0743468
[219,] -0.0269264706 0.9773541 0.9245995
[220,] -0.0162218611 0.9252703 1.0481135
[221,] -0.0775136953 0.9889885 0.9759389
[222,] -0.0965976472 1.2825575 0.9310287
[223,] -0.1724359661 1.1190828 1.1028701
[224,]  0.0689425510 1.0453417 0.9763364
[225,]  0.0215773841 1.0079968 1.0667825
[226,]  0.0899116878 1.0295615 1.1429573
[227,]  0.0503085527 0.8818677 0.9854547
[228,] -0.0811287688 0.9892082 1.0055073
[229,]  0.0174207326 0.9478353 1.2290088
[230,] -0.0743702616 1.1004946 1.0361209
[231,] -0.0539325322 0.9687960 1.1035212
[232,]  0.0452760810 1.1331700 0.9524912
[233,]  0.2300472713 1.0562372 0.9893398
[234,] -0.0665807339 0.8782192 0.8483394
[235,] -0.0373710576 1.0801739 1.1108490
[236,] -0.0589831533 0.9725962 1.0381294
[237,]  0.0376916898 0.9594340 0.9637314
[238,] -0.1616337002 1.0011656 0.9576684
[239,] -0.1776675700 1.1090277 1.0571540
[240,]  0.0141511316 1.0987977 1.0187585
[241,] -0.0028165835 0.9417314 1.0245568
[242,]  0.0631350368 0.9263807 1.1191992
[243,]  0.1430303140 0.9555217 0.8458580
[244,] -0.1251200584 0.8503038 1.0734477
[245,]  0.1464683512 0.9914828 1.0102161
[246,] -0.0732991918 0.9832816 0.8788496
[247,]  0.0234591431 1.1021612 1.0569212
[248,] -0.0381955661 0.9255145 0.8915020
[249,]  0.0707077549 1.0144180 0.8282314
[250,]  0.1162246657 1.0031210 0.8774151
[251,]  0.0620277951 0.8292791 0.9031149
[252,] -0.0994596972 1.1124725 0.8548991
[253,]  0.0305030730 1.0403158 1.0116396
[254,]  0.0036171333 1.0537661 0.9889332
[255,] -0.0090534515 0.9689865 0.9836267
[256,] -0.1494897948 1.1593512 1.0435775
[257,] -0.1080865458 1.0300071 0.8640768
[258,]  0.1278050581 1.0188465 1.1836076
[259,] -0.0370577736 1.0690501 1.0335184
[260,]  0.1198617555 0.9564126 0.9933516
[261,] -0.0007088589 0.9750286 1.1496970
[262,] -0.1409040525 1.0572937 0.8410427
[263,] -0.0189826171 1.0097774 1.1808767
[264,] -0.0471364980 0.8618081 1.0162975
[265,] -0.0927859397 1.0256872 1.0021825
[266,]  0.0779063409 1.0130505 0.9871210
[267,]  0.0047444574 1.0901764 1.0442630
[268,] -0.0008130868 1.0885562 1.1418786
[269,]  0.0295410489 0.9992666 0.8701010
[270,]  0.0091978033 1.0462702 0.8458506
[271,] -0.0751601304 1.0532819 1.0250035
[272,] -0.0350729419 1.0365263 1.1712426
[273,]  0.0447424822 0.8486502 0.6427541
[274,]  0.1249517573 0.9973740 0.9430995
[275,] -0.0315476896 1.0695485 1.0444039
[276,] -0.0104924238 0.9991300 0.9369338
[277,]  0.0731661956 1.0886540 0.9837391
[278,]  0.0356123309 1.2020733 1.0997059
[279,] -0.0212910603 0.9205261 0.8194949
[280,] -0.1327972787 1.0907923 0.8311059
[281,] -0.1203453046 0.8373701 0.8758319
[282,] -0.1281172132 1.1698607 0.9717339
[283,] -0.0447489030 1.1185221 1.0072732
[284,] -0.1264795332 0.9774206 0.8598449
[285,]  0.0219972808 0.8540858 0.7659655
[286,] -0.0946001285 0.8765355 1.0163777
[287,] -0.0935866589 0.9049331 0.7918853
[288,]  0.0022589203 0.9677204 0.8197350
[289,]  0.0717008462 0.9069527 0.8801072
[290,]  0.0267988995 0.9587813 0.9499810
[291,]  0.0204433681 1.0364871 1.1166166
[292,] -0.0737293827 0.9508408 0.9994081
[293,]  0.0720265657 1.3085687 1.0307005
[294,]  0.0719007094 0.9349054 0.9941123
[295,] -0.0409319365 0.7869052 1.0049240
[296,]  0.1103957891 0.9095996 1.2161514
[297,] -0.0851622301 0.9241714 0.8526391
[298,]  0.0156606110 1.1107209 1.0709075
[299,]  0.1084907941 0.8430235 0.7275579
[300,] -0.1795726869 0.8037593 0.9704234
[301,] -0.1222670675 0.8508212 0.8581937
[302,] -0.0651420267 0.7768947 0.9249291
[303,] -0.0464893109 1.1124990 1.0498120
[304,] -0.0619370108 1.1256625 0.9914160
[305,]  0.1062191354 1.1517423 0.9963869
[306,] -0.0914029379 1.0097279 1.2063501
[307,] -0.0682738464 0.9895072 0.8539887
[308,] -0.0069007089 0.9845189 0.9978255
[309,] -0.1484894322 1.0124987 1.0984327
[310,] -0.0541077832 0.9691711 1.2063442
[311,]  0.0786609585 0.8765232 0.9891613
[312,]  0.0773028752 0.9949995 1.0508446
[313,]  0.0030781469 1.1468206 1.0946588
[314,] -0.0051419379 0.9321032 0.9966217
[315,] -0.1201398473 0.8708793 1.0873853
[316,] -0.0288663334 1.1167699 1.2098167
[317,]  0.1110339324 1.1957941 1.0705770
[318,]  0.1882834628 0.8572725 0.9392981
[319,] -0.0432289444 0.8783610 1.1208987
[320,]  0.0106610152 1.1356725 1.2854000
[321,] -0.1130204187 1.0142951 0.9811451
[322,]  0.0534443442 1.1749480 1.2614034
[323,] -0.1372635352 1.0339904 0.9644199
[324,]  0.0342198957 0.8417170 1.1174292
[325,]  0.0677624419 1.2117794 1.0083917
[326,]  0.0431660036 0.9106807 0.9775221
[327,] -0.0344092600 1.4217337 1.0695145
[328,] -0.1496489730 0.9592498 1.0697150
[329,]  0.1329115673 1.0726999 0.9389341
[330,]  0.0186072816 1.1272266 0.8969784
[331,]  0.0059931646 1.0314313 0.9158225
[332,] -0.0695343062 1.0757321 1.0078455
[333,] -0.1105240643 0.8426812 0.8190667
[334,] -0.0384366044 1.1027245 0.9735384
[335,] -0.0434451758 1.0125900 1.1794845
[336,]  0.0381950413 0.9612703 1.0864265
[337,] -0.1430664496 1.1363061 0.9530072
[338,]  0.0386702001 0.5152630 0.9795247
[339,] -0.1581743978 0.9777259 0.8090020
[340,]  0.0185584524 0.9827499 1.0680972
[341,] -0.0469041388 0.9850543 1.0803383
[342,] -0.0349426417 0.9658006 0.8097458
[343,]  0.0762295025 1.0552008 0.9137123
[344,]  0.0317306073 1.0382851 1.1615461
[345,] -0.0662802731 1.0935083 1.1402959
[346,] -0.0533488734 0.9135804 0.9109814
[347,]  0.0510339275 0.7083382 0.8951506
[348,]  0.2119789367 1.0218698 0.9571052
[349,] -0.0424976219 1.1317057 0.9277734
[350,]  0.1155656434 1.0315248 1.0526212
[351,] -0.1037728116 0.9852391 0.9546259
[352,]  0.1289266030 0.8176619 0.7683846
[353,] -0.0964672662 1.2063042 1.2295432
[354,] -0.0210268803 1.0170669 0.8883914
[355,]  0.0370182281 1.0713718 1.0588103
[356,] -0.0090608027 0.9552858 0.8986203
[357,]  0.1211160230 1.0518808 0.7393943
[358,]  0.1331566744 0.9664603 0.7021899
[359,]  0.1258394182 0.9344730 0.8981974
[360,] -0.0845771902 1.1526582 1.0616639
[361,]  0.0671675827 1.0137703 1.1094114
[362,] -0.0241142007 0.8315993 0.9650189
[363,] -0.0149448633 1.0756980 1.0597179
[364,]  0.0107092604 0.9603603 0.9760617
[365,]  0.0265167088 0.8231068 1.0301065
[366,] -0.0491896034 1.0572859 1.0849336
[367,]  0.1072311473 0.8243941 0.9477248
[368,]  0.0161317470 0.9023200 0.8974541
[369,] -0.0267498523 0.9705143 1.0260602
[370,] -0.0441489072 0.8600513 0.8652049
[371,] -0.0142281239 1.1557305 1.1132463
[372,] -0.1408623260 1.1384652 1.1718050
[373,] -0.0871811721 1.0699746 0.9667137
[374,] -0.1025003865 1.0123418 0.8023231
[375,] -0.0611302549 0.9112134 1.0520568
[376,] -0.0497582087 0.9995352 0.9923485
[377,]  0.0564577524 0.9853089 1.1875461
[378,]  0.0789324768 0.9341595 0.9909414
[379,]  0.0524889114 0.8379833 0.9022016
[380,]  0.1490236540 0.9251196 1.0614534
[381,]  0.0282462981 0.7549237 0.9281842
[382,]  0.0201712101 0.9040356 1.1207902
[383,]  0.1487683722 0.8496817 1.2445608
[384,] -0.0354440697 1.0042869 1.0010750
[385,]  0.0185917341 0.8622187 1.0913931
[386,]  0.0459126178 0.8250071 0.8351745
[387,]  0.0018585364 0.8194653 1.1669227
[388,] -0.0821291887 1.1602703 1.0133213
[389,]  0.0168044472 0.8978298 0.7931815
[390,] -0.0488029480 0.8543215 0.8362280
[391,] -0.0319557171 1.1120633 1.1026331
[392,]  0.0220741413 0.8468172 0.9027231
[393,] -0.0775796611 0.9817154 0.9266164
[394,]  0.0506476644 0.8426924 1.0665283
[395,]  0.0057435780 1.1316952 1.3103245
[396,]  0.0532178132 0.9956505 0.9372064
[397,] -0.1337394119 1.0723231 1.1280395
[398,] -0.1295312676 0.9240846 1.0470215
[399,]  0.1097941020 1.0594616 0.9446247
[400,]  0.0338290953 1.1074401 1.0156546
[401,] -0.0852533349 1.0342798 0.9161475
[402,]  0.0400452879 1.1070062 1.0661851
[403,]  0.1912327103 1.2129354 1.0734626
[404,] -0.0097601496 0.9408327 1.0450420
[405,] -0.0008433993 1.0762928 1.1748491
[406,] -0.0479092507 0.8936039 0.8034914
[407,] -0.0325753056 0.9830604 0.7316359
[408,] -0.0115358187 1.0001299 1.0672744
[409,]  0.0328831622 0.9083403 0.8700587
[410,] -0.0590540750 1.1166047 0.8860726
[411,] -0.0852520134 1.0707241 0.8802990
[412,] -0.1381373274 1.0868251 0.8878148
[413,] -0.0110838581 1.0878917 0.8856646
[414,] -0.0714285877 0.6738240 0.9978683
[415,]  0.0951846328 1.0047735 1.1804447
[416,] -0.0232870306 1.0107809 0.9072353
[417,] -0.0257482602 1.0198913 1.1510971
[418,]  0.0178236411 1.1245256 1.1956192
[419,]  0.0101513131 1.0191538 1.0656809
[420,]  0.0269509513 1.0764993 0.8691409
[421,]  0.0330481692 1.0256182 1.1335125
[422,] -0.0176848400 1.1711109 1.0407989
[423,]  0.1364698580 0.9350528 0.8671592
[424,]  0.0586380319 0.9686607 1.0974778
[425,]  0.1004570158 1.0481274 0.7861274
[426,]  0.0329931002 0.8768594 0.9364142
[427,] -0.1017403527 0.8984541 1.0852117
[428,]  0.1247370721 0.8126189 1.1412913
[429,] -0.0187838639 1.1090287 1.2125537
[430,] -0.0243062897 0.9864116 0.8518984
[431,] -0.0360305660 1.0227425 0.9129961
[432,] -0.0090225840 1.0318848 0.9624865
[433,]  0.0725910105 1.0373467 0.8337407
[434,] -0.0666981548 0.9910458 0.8349498
[435,] -0.1641003442 1.2111340 0.9567126
[436,] -0.0142617408 0.9496746 1.1133391
[437,]  0.0184461483 1.1896279 1.1921950
[438,] -0.0278533136 1.0939353 1.0126416
[439,]  0.0820441511 0.8617269 0.8647440
[440,]  0.0171780376 0.9213655 0.8853881
[441,] -0.1985570275 1.1503068 1.1983197
[442,]  0.0606393585 0.8869548 1.0370459
[443,]  0.0339334328 1.1960318 1.2636185
[444,] -0.2256797950 0.9152449 1.1508683
[445,]  0.1193104702 1.1295395 1.1030823
[446,] -0.0460829634 0.9296599 0.9009486
[447,]  0.0285614121 1.1093133 1.1350500
[448,] -0.1480350378 0.8240291 0.9964220
[449,] -0.0788598828 1.1250392 1.0614679
[450,] -0.1471309290 0.8782873 1.0823346
[451,] -0.0952995546 0.9393930 0.9236044
[452,] -0.0464732679 1.0000957 0.9573669
[453,]  0.0236393846 0.9015230 0.9993768
[454,] -0.0336928037 1.0159354 0.9545307
[455,] -0.1665574999 1.0185172 0.7967211
[456,] -0.0135250602 0.9124876 0.9710176
[457,]  0.1426983631 1.0521805 0.9317507
[458,]  0.1516375189 1.1337905 1.2945430
[459,] -0.0043082130 0.7749291 0.7633911
[460,]  0.0510399675 0.9156087 0.9111172
[461,] -0.0062474426 0.6987582 0.8704351
[462,] -0.0071100478 0.9243260 1.1126850
[463,] -0.0069864459 0.9951893 0.9104816
[464,]  0.0519837682 0.9302097 0.8835385
[465,] -0.0527434290 1.3815466 1.1658754
[466,]  0.0555480527 1.0318935 1.0403627
[467,]  0.0092653645 0.9502853 0.9504850
[468,] -0.0128043320 0.8423501 0.7761457
[469,]  0.0885300591 0.9383375 0.8729329
[470,]  0.0364151469 1.0712696 0.9884442
[471,]  0.0880335201 1.0034727 1.1871315
[472,]  0.0554365727 1.0210926 0.8933874
[473,] -0.0192226644 0.8503296 0.8899829
[474,]  0.0097182632 1.0111559 1.2254051
[475,] -0.0795166662 0.9662456 0.8850726
[476,] -0.0476930707 0.8871003 1.0913227
[477,] -0.0596519173 1.0210875 0.9733935
[478,]  0.0111444340 1.1036850 1.1016588
[479,] -0.0329764073 0.8733945 0.9020102
[480,]  0.0366503349 0.9099425 0.9446531
[481,]  0.1529075860 1.0487540 0.9838329
[482,]  0.0177759436 0.9843365 1.0357628
[483,]  0.1277023818 0.8876134 0.8166191
[484,]  0.0139464819 1.0787912 1.1241607
[485,] -0.1248882012 1.0708603 1.0161103
[486,]  0.0253691651 0.9388263 0.9496591
[487,] -0.0027279609 1.0510707 1.0935552
[488,]  0.1866777970 0.9476683 0.9750431
[489,]  0.1191425882 0.9904097 0.8873788
[490,]  0.0542431642 1.0638952 1.0502899
[491,] -0.0532283340 0.9989363 0.9238237
[492,]  0.0544867678 0.7875030 1.0673816
[493,]  0.0106046087 0.8761315 0.8641403
[494,] -0.0170554145 0.9009323 0.9976990
[495,]  0.0485593319 1.0487038 1.1225914
[496,]  0.0019109661 1.1812149 1.0054894
[497,]  0.0605713916 1.0398093 1.0572837
[498,]  0.1098683874 1.1445950 1.2055113
[499,] -0.0420497387 1.1401093 1.1359875
[500,] -0.0425487544 0.8885733 0.9030201

