$RE_RF
[1] 2.901472

$RE_CXls
[1] 3.553998

$RF_2_imput
                 [,1]
Q1_bias   -0.40704118
mean_bias -0.01583595
Q3_bias    0.37704377
MSE        0.85372947

$CXls_imput
                  [,1]
Q1_bias   -0.225964225
mean_bias -0.001069876
Q3_bias    0.240537506
MSE        0.488553603

$bias_sd_OLS
                  beta.t        bias       Esd       Asd    CP
(Intercept) 0.0009318291 -0.01120287 0.1558736 0.1471078 0.936
X1          0.4066853701 -0.01325589 0.2740599 0.2477287 0.932
X2          0.8125064131 -0.02374884 0.3081736 0.2860019 0.936

$bias_sd_RF
                  beta.t        bias         sd
(Intercept) 0.0009318291 -0.01576585 0.09499413
X1          0.4066853701 -0.07825402 0.11966745
X2          0.8125064131 -0.15892225 0.11070248

$bias_sd_CXls
                  beta.t         bias        Esd     Asd_IF    CP  RE_beta
(Intercept) 0.0009318291 -0.001023531 0.08826999 0.08685698 0.944 1.049573
X1          0.4066853701 -0.002735677 0.14096853 0.12753365 0.934 1.341809
X2          0.8125064131 -0.004852073 0.16504668 0.13896102 0.904 3.504112

$pcd_OLS
[1] 0.90318473 0.07983169

$VF_OLS
[1] 0.23852984 0.02916235

$pcd_RF
[1] 0.94182327 0.03523061

$VF_RF
[1] 0.2438171658 0.0009394612

$pcd_CXls
[1] 0.95156527 0.02681768

$VF_Cxls
[1] 0.2439662804 0.0004195702

$VF_0
  mean_V0     sd_V0 
0.2440939 2.0101629 

$VF_B0
 mean_VB0    sd_VB0 
0.2440939 2.0101629 

$PCD_vals_RF
  [1] 0.9324545 0.9788182 0.9513636 0.9051818 0.9230909 0.9233636 0.9322727
  [8] 0.8854545 0.9940909 0.9536364 0.8969091 0.9742727 0.9614545 0.9204545
 [15] 0.9917273 0.9843636 0.9453636 0.9369091 0.9261818 0.8750909 0.9436364
 [22] 0.9602727 0.9598182 0.9261818 0.9563636 0.9513636 0.9368182 0.9444545
 [29] 0.8986364 0.9911818 0.9398182 0.8763636 0.9798182 0.9168182 0.8007273
 [36] 0.9592727 0.9170000 0.9692727 0.9476364 0.9535455 0.9509091 0.9222727
 [43] 0.9524545 0.8856364 0.9358182 0.9170909 0.9599091 0.9590909 0.9539091
 [50] 0.9648182 0.9204545 0.9921818 0.9570909 0.9508182 0.9776364 0.9305455
 [57] 0.9558182 0.9331818 0.9061818 0.9334545 0.9743636 0.9597273 0.9879091
 [64] 0.9304545 0.9639091 0.9954545 0.9526364 0.9302727 0.9785455 0.9392727
 [71] 0.9221818 0.9713636 0.9305455 0.9860000 0.9735455 0.8890909 0.9829091
 [78] 0.9387273 0.9636364 0.9759091 0.9765455 0.9760909 0.9312727 0.8846364
 [85] 0.9964545 0.9775455 0.9743636 0.9311818 0.9336364 0.9669091 0.9450909
 [92] 0.8399091 0.9403636 0.9605455 0.9612727 0.9588182 0.9752727 0.9437273
 [99] 0.9129091 0.9891818 0.8935455 0.9714545 0.9796364 0.9405455 0.9776364
[106] 0.9430909 0.9837273 0.8893636 0.8733636 0.9628182 0.9793636 0.9712727
[113] 0.9520909 0.9326364 0.9808182 0.9882727 0.9656364 0.9888182 0.9538182
[120] 0.9361818 0.9958182 0.8896364 0.9693636 0.8789091 0.9837273 0.9519091
[127] 0.9765455 0.9769091 0.9315455 0.9264545 0.9160909 0.9503636 0.9701818
[134] 0.9284545 0.8924545 0.8656364 0.9308182 0.9440909 0.9808182 0.9704545
[141] 0.9443636 0.9034545 0.9879091 0.8464545 0.9773636 0.9821818 0.9641818
[148] 0.9746364 0.9326364 0.9061818 0.9486364 0.9473636 0.8919091 0.9420909
[155] 0.9684545 0.9903636 0.9588182 0.9785455 0.9588182 0.8833636 0.9474545
[162] 0.9459091 0.9596364 0.9737273 0.9416364 0.9594545 0.9695455 0.9663636
[169] 0.9524545 0.8985455 0.9571818 0.9224545 0.8893636 0.9480909 0.8854545
[176] 0.8240909 0.9504545 0.9234545 0.8505455 0.9182727 0.9497273 0.9465455
[183] 0.9620000 0.9513636 0.9818182 0.9935455 0.9671818 0.9692727 0.8801818
[190] 0.8882727 0.8151818 0.9889091 0.9570000 0.9526364 0.9151818 0.9291818
[197] 0.8310000 0.9346364 0.9450000 0.9563636 0.9674545 0.9353636 0.9518182
[204] 0.9233636 0.9697273 0.9543636 0.9000000 0.9644545 0.9652727 0.8743636
[211] 0.9921818 0.9378182 0.9148182 0.9575455 0.8600000 0.9596364 0.9650909
[218] 0.9223636 0.9736364 0.9450909 0.9318182 0.9474545 0.9696364 0.9860000
[225] 0.9494545 0.9144545 0.9831818 0.9335455 0.9937273 0.9868182 0.9100909
[232] 0.9632727 0.9484545 0.9677273 0.9776364 0.9821818 0.9921818 0.9720909
[239] 0.9480000 0.8627273 0.9572727 0.9397273 0.9640000 0.9580000 0.9067273
[246] 0.9843636 0.9490909 0.8862727 0.9369091 0.9539091 0.9063636 0.9042727
[253] 0.9592727 0.9532727 0.9172727 0.9540000 0.9707273 0.9912727 0.8996364
[260] 0.9550000 0.9684545 0.9593636 0.9030909 0.9620000 0.9498182 0.9381818
[267] 0.9325455 0.9397273 0.9609091 0.9603636 0.9314545 0.9540000 0.9514545
[274] 0.9060000 0.9140909 0.9093636 0.9646364 0.9647273 0.9361818 0.9910000
[281] 0.9051818 0.9149091 0.9483636 0.9354545 0.9217273 0.9181818 0.9302727
[288] 0.8929091 0.8340909 0.9636364 0.8031818 0.9700000 0.9270000 0.9700909
[295] 0.9419091 0.9959091 0.9494545 0.9309091 0.9604545 0.9596364 0.9745455
[302] 0.8950909 0.9676364 0.9032727 0.9896364 0.9327273 0.9288182 0.9460000
[309] 0.9339091 0.9609091 0.9513636 0.9898182 0.9443636 0.8844545 0.8948182
[316] 0.9362727 0.8877273 0.9137273 0.9723636 0.9425455 0.9884545 0.9371818
[323] 0.9256364 0.9711818 0.9856364 0.7683636 0.9830909 0.9861818 0.9745455
[330] 0.8911818 0.9049091 0.9737273 0.9540909 0.9800000 0.9960000 0.9075455
[337] 0.8790000 0.9500000 0.8799091 0.9500909 0.9300000 0.9594545 0.9537273
[344] 0.8888182 0.9444545 0.9455455 0.9430000 0.9739091 0.9257273 0.9219091
[351] 0.9519091 0.9750909 0.9448182 0.9406364 0.9890909 0.9370909 0.9687273
[358] 0.9285455 0.8566364 0.9023636 0.9645455 0.9108182 0.9344545 0.9427273
[365] 0.9580909 0.9702727 0.9318182 0.9401818 0.8764545 0.8988182 0.9195455
[372] 0.9090909 0.9320000 0.9736364 0.9282727 0.9373636 0.9431818 0.9167273
[379] 0.9550000 0.9613636 0.9426364 0.9203636 0.9311818 0.9876364 0.9420000
[386] 0.9815455 0.9321818 0.9222727 0.9898182 0.9490000 0.9587273 0.9770000
[393] 0.9652727 0.9369091 0.9758182 0.9831818 0.9546364 0.9889091 0.9373636
[400] 0.9473636 0.8811818 0.9477273 0.9695455 0.9500000 0.9580000 0.9043636
[407] 0.9505455 0.8981818 0.9784545 0.9565455 0.8946364 0.9262727 0.9938182
[414] 0.8948182 0.9123636 0.9723636 0.9143636 0.9311818 0.9019091 0.9656364
[421] 0.9140000 0.9742727 0.9203636 0.9286364 0.8894545 0.9396364 0.9144545
[428] 0.9302727 0.9833636 0.9328182 0.9595455 0.9375455 0.9891818 0.9994545
[435] 0.9029091 0.9500000 0.9918182 0.8757273 0.9746364 0.9628182 0.9070909
[442] 0.9618182 0.9625455 0.9191818 0.9327273 0.9471818 0.9505455 0.9870000
[449] 0.9372727 0.9395455 0.8497273 0.9017273 0.9630000 0.8973636 0.9488182
[456] 0.9324545 0.9742727 0.9446364 0.8740000 0.9430909 0.9540909 0.9575455
[463] 0.9557273 0.9372727 0.9723636 0.9301818 0.8787273 0.9620000 0.9804545
[470] 0.9607273 0.9150000 0.8857273 0.8946364 0.9193636 0.9074545 0.9233636
[477] 0.9529091 0.9710909 0.9408182 0.9359091 0.9404545 0.9778182 0.9164545
[484] 0.9379091 0.9332727 0.9310909 0.9350909 0.9323636 0.9500909 0.9498182
[491] 0.9782727 0.9430000 0.9962727 0.9715455 0.9268182 0.9892727 0.9477273
[498] 0.9315455 0.8737273 0.9637273

$PCD_vals_CXLS
  [1] 0.9230909 0.9911818 0.9511818 0.9456364 0.9491818 0.9176364 0.9201818
  [8] 0.9203636 0.9781818 0.9580909 0.9406364 0.9830000 0.9518182 0.9739091
 [15] 0.9759091 0.9560000 0.9904545 0.9398182 0.9481818 0.9339091 0.8906364
 [22] 0.9528182 0.9211818 0.8389091 0.9874545 0.9657273 0.9461818 0.9401818
 [29] 0.9404545 0.9574545 0.9600909 0.9477273 0.9957273 0.9373636 0.9453636
 [36] 0.9863636 0.9649091 0.9585455 0.9331818 0.9551818 0.9811818 0.9597273
 [43] 0.9471818 0.8988182 0.9764545 0.9241818 0.9733636 0.9289091 0.9815455
 [50] 0.9670909 0.8813636 0.9874545 0.9556364 0.9650909 0.9528182 0.9516364
 [57] 0.9813636 0.9820000 0.9717273 0.9721818 0.9866364 0.9760909 0.9840000
 [64] 0.9331818 0.9390909 0.9484545 0.9528182 0.9488182 0.9665455 0.9403636
 [71] 0.9500000 0.9584545 0.9620909 0.9820000 0.9654545 0.9260000 0.9814545
 [78] 0.9182727 0.9499091 0.9856364 0.9711818 0.9669091 0.9284545 0.9391818
 [85] 0.9873636 0.9417273 0.9635455 0.9649091 0.9476364 0.9862727 0.9258182
 [92] 0.9547273 0.9708182 0.9708182 0.9743636 0.9648182 0.9550909 0.9345455
 [99] 0.9199091 0.9532727 0.8980909 0.9656364 0.9658182 0.9813636 0.9871818
[106] 0.9818182 0.9713636 0.9354545 0.9178182 0.9684545 0.9639091 0.9853636
[113] 0.9732727 0.9710909 0.9768182 0.9496364 0.9335455 0.9540000 0.9517273
[120] 0.9406364 0.9859091 0.9716364 0.9850909 0.8727273 0.9903636 0.9641818
[127] 0.9362727 0.9543636 0.8949091 0.9296364 0.9449091 0.9621818 0.9804545
[134] 0.9748182 0.8929091 0.9117273 0.9351818 0.9606364 0.9595455 0.9654545
[141] 0.9175455 0.9655455 0.9424545 0.8763636 0.9819091 0.9785455 0.9521818
[148] 0.9381818 0.9359091 0.9109091 0.9787273 0.9369091 0.8752727 0.9684545
[155] 0.9926364 0.9871818 0.9571818 0.9492727 0.9765455 0.9560909 0.9686364
[162] 0.8862727 0.9700909 0.9552727 0.9249091 0.9397273 0.9511818 0.9967273
[169] 0.9620000 0.9212727 0.9284545 0.9475455 0.9373636 0.9895455 0.9448182
[176] 0.9756364 0.8949091 0.9476364 0.9811818 0.9480909 0.9425455 0.9744545
[183] 0.9599091 0.9850000 0.9640000 0.9627273 0.9699091 0.9800909 0.9532727
[190] 0.9291818 0.8855455 0.9867273 0.9557273 0.9884545 0.8905455 0.9740000
[197] 0.9538182 0.9585455 0.9447273 0.9130909 0.9699091 0.9411818 0.9620000
[204] 0.9408182 0.9692727 0.9315455 0.9056364 0.9753636 0.9813636 0.9428182
[211] 0.9716364 0.9561818 0.9161818 0.9384545 0.8981818 0.9490000 0.9320909
[218] 0.9548182 0.9710000 0.9730909 0.9573636 0.9724545 0.9472727 0.9347273
[225] 0.9430000 0.9560000 0.9733636 0.9378182 0.9462727 0.9510909 0.9161818
[232] 0.9759091 0.9580909 0.9710909 0.9910909 0.9499091 0.9675455 0.9938182
[239] 0.9356364 0.9607273 0.9818182 0.9575455 0.9301818 0.9472727 0.9110000
[246] 0.9678182 0.9526364 0.9317273 0.9476364 0.9379091 0.9083636 0.9590000
[253] 0.9603636 0.9400000 0.9316364 0.9663636 0.9418182 0.9579091 0.9742727
[260] 0.9585455 0.9332727 0.9595455 0.9474545 0.9930000 0.9709091 0.9820000
[267] 0.9600000 0.9415455 0.9813636 0.9658182 0.9453636 0.9747273 0.9403636
[274] 0.9413636 0.9151818 0.9213636 0.9682727 0.9798182 0.9380000 0.9443636
[281] 0.9236364 0.9550909 0.9649091 0.9650000 0.9467273 0.9451818 0.9170000
[288] 0.9177273 0.8589091 0.9632727 0.8842727 0.9969091 0.9913636 0.9522727
[295] 0.9607273 0.9550000 0.9498182 0.9470000 0.9884545 0.9862727 0.9564545
[302] 0.9153636 0.9493636 0.9190000 0.9489091 0.9778182 0.9844545 0.9874545
[309] 0.9825455 0.9603636 0.9530000 0.9710909 0.9580909 0.9463636 0.8908182
[316] 0.9677273 0.8778182 0.9564545 0.9168182 0.9306364 0.9732727 0.9600000
[323] 0.9169091 0.9630909 0.9850909 0.8856364 0.9930000 0.9444545 0.9896364
[330] 0.9420909 0.9442727 0.9897273 0.9477273 0.9588182 0.9837273 0.9434545
[337] 0.9699091 0.9126364 0.9396364 0.9560909 0.9413636 0.9558182 0.9630000
[344] 0.9065455 0.9080000 0.9340909 0.9448182 0.9540909 0.9281818 0.9068182
[351] 0.9520909 0.9729091 0.9485455 0.9523636 0.9686364 0.9180000 0.9427273
[358] 0.9433636 0.9521818 0.9608182 0.9547273 0.9504545 0.9869091 0.9619091
[365] 0.9703636 0.9624545 0.9477273 0.9822727 0.9088182 0.9374545 0.9150000
[372] 0.9271818 0.9597273 0.9775455 0.9695455 0.9902727 0.9418182 0.9562727
[379] 0.9261818 0.9315455 0.9660909 0.9247273 0.9586364 0.9353636 0.9670909
[386] 0.9785455 0.9357273 0.9442727 0.9761818 0.9698182 0.9475455 0.8645455
[393] 0.9586364 0.9420000 0.9778182 0.9185455 0.9790000 0.9755455 0.9359091
[400] 0.9644545 0.9744545 0.9730000 0.9410000 0.9593636 0.9772727 0.9193636
[407] 0.9397273 0.9055455 0.9276364 0.9754545 0.9433636 0.9453636 0.9688182
[414] 0.8448182 0.9120909 0.9825455 0.9283636 0.9895455 0.9280000 0.9710909
[421] 0.9560909 0.9808182 0.9616364 0.9539091 0.9419091 0.9802727 0.9161818
[428] 0.9565455 0.9787273 0.9693636 0.9862727 0.9300909 0.9754545 0.9734545
[435] 0.9090000 0.9495455 0.9663636 0.9503636 0.8577273 0.9713636 0.9570000
[442] 0.9886364 0.9478182 0.9513636 0.9390000 0.9940909 0.9323636 0.9643636
[449] 0.9186364 0.9626364 0.9553636 0.9724545 0.9520000 0.8536364 0.9410909
[456] 0.9360909 0.9843636 0.9692727 0.8775455 0.9788182 0.9618182 0.9466364
[463] 0.9117273 0.9440909 0.9940909 0.9589091 0.9783636 0.9785455 0.9451818
[470] 0.9690000 0.9531818 0.9422727 0.9416364 0.9650000 0.9134545 0.9717273
[477] 0.9792727 0.9568182 0.9420000 0.9437273 0.9223636 0.9715455 0.9568182
[484] 0.9878182 0.9365455 0.9334545 0.9471818 0.9417273 0.9681818 0.9519091
[491] 0.9558182 0.9589091 0.9390909 0.9387273 0.9331818 0.9770909 0.9628182
[498] 0.9289091 0.9622727 0.9651818

$PCD_vals_oLS
  [1] 0.9032727 0.9273636 0.8020000 0.9575455 0.6075455 0.9377273 0.9471818
  [8] 0.7845455 0.9506364 0.9008182 0.8610909 0.9618182 0.9384545 0.9186364
 [15] 0.9229091 0.8779091 0.9313636 0.9233636 0.8901818 0.9264545 0.8790000
 [22] 0.7720000 0.9020000 0.4993636 0.7629091 0.9580909 0.8194545 0.9715455
 [29] 0.9780000 0.9710000 0.9411818 0.8354545 0.9506364 0.9012727 0.9401818
 [36] 0.9859091 0.9048182 0.7937273 0.8662727 0.9189091 0.9399091 0.9485455
 [43] 0.9490000 0.8203636 0.9499091 0.6336364 0.7950909 0.9188182 0.9295455
 [50] 0.9119091 0.6733636 0.9664545 0.9056364 0.9639091 0.8763636 0.8673636
 [57] 0.9387273 0.9165455 0.8835455 0.9001818 0.9767273 0.8519091 0.9612727
 [64] 0.9504545 0.9614545 0.8976364 0.9270909 0.9362727 0.9548182 0.8840909
 [71] 0.8965455 0.8651818 0.9891818 0.9257273 0.9666364 0.9405455 0.9205455
 [78] 0.8931818 0.9128182 0.9414545 0.8166364 0.9721818 0.9442727 0.9082727
 [85] 0.9694545 0.9100000 0.9383636 0.8945455 0.9157273 0.9498182 0.9331818
 [92] 0.9210000 0.8986364 0.8854545 0.9930909 0.9850909 0.9742727 0.5359091
 [99] 0.8313636 0.9818182 0.6997273 0.9635455 0.9640000 0.9046364 0.9632727
[106] 0.6968182 0.9848182 0.8474545 0.8869091 0.9503636 0.9261818 0.9081818
[113] 0.9570000 0.9186364 0.9214545 0.8849091 0.9809091 0.9280000 0.8572727
[120] 0.9170000 0.9720000 0.9779091 0.9178182 0.8584545 0.9573636 0.9471818
[127] 0.9556364 0.9023636 0.8878182 0.8492727 0.7588182 0.9669091 0.9740000
[134] 0.9444545 0.8921818 0.8682727 0.9730909 0.9345455 0.9624545 0.9238182
[141] 0.8329091 0.9576364 0.9151818 0.6213636 0.9519091 0.9211818 0.6470909
[148] 0.9717273 0.8817273 0.8670909 0.9144545 0.8928182 0.9249091 0.9769091
[155] 0.9705455 0.8963636 0.8923636 0.9599091 0.9210000 0.9762727 0.9190000
[162] 0.8657273 0.9260000 0.9461818 0.8952727 0.9643636 0.8995455 0.9179091
[169] 0.5786364 0.8631818 0.9320909 0.9375455 0.8710000 0.9711818 0.8991818
[176] 0.8436364 0.8209091 0.9360000 0.9210000 0.8712727 0.9860000 0.8302727
[183] 0.9432727 0.9684545 0.9561818 0.9710000 0.9174545 0.9730000 0.9727273
[190] 0.8933636 0.7578182 0.9463636 0.9630000 0.8894545 0.7392727 0.7928182
[197] 0.8322727 0.9089091 0.8979091 0.8851818 0.9917273 0.9218182 0.9773636
[204] 0.8283636 0.9776364 0.9220000 0.8024545 0.9875455 0.8364545 0.8904545
[211] 0.9450909 0.9206364 0.8460909 0.9852727 0.7272727 0.9573636 0.9060909
[218] 0.9205455 0.9692727 0.9461818 0.9894545 0.9565455 0.8353636 0.9401818
[225] 0.9750909 0.9148182 0.9634545 0.8769091 0.8752727 0.9927273 0.9541818
[232] 0.9329091 0.8308182 0.9367273 0.9177273 0.9877273 0.9546364 0.9582727
[239] 0.9097273 0.9600909 0.9315455 0.8924545 0.8337273 0.9411818 0.8921818
[246] 0.9223636 0.9550000 0.8389091 0.8996364 0.9854545 0.9314545 0.9503636
[253] 0.9275455 0.8942727 0.9121818 0.9271818 0.9501818 0.9760909 0.6669091
[260] 0.9692727 0.9664545 0.9732727 0.8465455 0.9622727 0.9735455 0.9532727
[267] 0.8834545 0.8544545 0.9400000 0.9612727 0.8780000 0.8906364 0.9366364
[274] 0.5799091 0.8630000 0.9466364 0.8513636 0.9851818 0.9231818 0.9397273
[281] 0.8917273 0.8913636 0.9119091 0.9216364 0.9262727 0.8812727 0.9151818
[288] 0.8739091 0.8137273 0.9740909 0.7875455 0.9295455 0.9866364 0.9343636
[295] 0.8418182 0.9021818 0.7396364 0.9531818 0.8601818 0.9370000 0.9339091
[302] 0.8368182 0.9289091 0.8009091 0.9207273 0.9133636 0.9723636 0.9621818
[309] 0.9690909 0.8943636 0.9562727 0.8885455 0.8819091 0.9620000 0.9200909
[316] 0.9263636 0.9196364 0.8148182 0.8270000 0.9636364 0.9287273 0.8428182
[323] 0.8457273 0.9440909 0.9459091 0.8000000 0.8744545 0.9370909 0.9467273
[330] 0.8645455 0.8379091 0.9049091 0.9222727 0.9647273 0.9583636 0.9441818
[337] 0.8985455 0.8237273 0.1876364 0.9841818 0.9351818 0.9267273 0.9790909
[344] 0.7900000 0.8519091 0.9418182 0.9098182 0.9288182 0.9637273 0.8830000
[351] 0.9806364 0.9394545 0.8620909 0.9566364 0.9690909 0.8340000 0.9518182
[358] 0.9840909 0.9236364 0.8602727 0.9696364 0.9117273 0.8818182 0.9099091
[365] 0.9445455 0.9382727 0.9671818 0.9609091 0.7582727 0.6867273 0.8488182
[372] 0.6167273 0.9153636 0.9082727 0.7074545 0.9418182 0.9655455 0.9944545
[379] 0.8991818 0.9320909 0.9750909 0.8951818 0.9293636 0.9516364 0.9282727
[386] 0.9183636 0.8990909 0.9262727 0.9619091 0.9689091 0.9416364 0.7781818
[393] 0.9412727 0.8668182 0.9352727 0.9248182 0.8569091 0.9398182 0.9037273
[400] 0.9191818 0.9042727 0.8603636 0.9387273 0.9499091 0.9241818 0.8960909
[407] 0.8900909 0.8613636 0.7349091 0.9405455 0.9251818 0.7967273 0.8013636
[414] 0.6659091 0.9702727 0.9610000 0.8485455 0.9572727 0.9073636 0.9031818
[421] 0.8480000 0.8807273 0.8890000 0.9690909 0.8735455 0.8930000 0.9246364
[428] 0.9402727 0.9524545 0.9567273 0.9625455 0.9199091 0.9388182 0.9445455
[435] 0.8084545 0.9271818 0.9320000 0.7124545 0.8410909 0.8789091 0.8217273
[442] 0.8835455 0.9339091 0.9009091 0.9752727 0.8964545 0.9161818 0.9492727
[449] 0.8143636 0.9400909 0.9250000 0.8940000 0.9339091 0.8224545 0.9743636
[456] 0.9278182 0.9147273 0.9358182 0.8552727 0.8401818 0.9558182 0.9434545
[463] 0.9069091 0.9574545 0.9430000 0.9583636 0.9236364 0.9113636 0.7856364
[470] 0.9946364 0.9441818 0.9027273 0.7522727 0.9600000 0.9305455 0.8890000
[477] 0.9372727 0.9464545 0.9102727 0.8948182 0.9413636 0.9820000 0.9249091
[484] 0.9179091 0.9105455 0.9307273 0.9123636 0.9317273 0.9456364 0.9271818
[491] 0.9824545 0.9041818 0.8955455 0.9160000 0.9330000 0.9773636 0.9260909
[498] 0.9683636 0.7600000 0.9201818

$V_RF
  [1] 0.2438856 0.2440928 0.2440416 0.2433152 0.2439512 0.2440481 0.2438626
  [8] 0.2439074 0.2440939 0.2440682 0.2437989 0.2440912 0.2440701 0.2439440
 [15] 0.2440939 0.2440935 0.2440297 0.2440655 0.2440401 0.2436395 0.2440753
 [22] 0.2440665 0.2440903 0.2439974 0.2440641 0.2440318 0.2439854 0.2440334
 [29] 0.2430502 0.2440939 0.2440028 0.2423691 0.2440936 0.2439872 0.2354550
 [36] 0.2440725 0.2440078 0.2440843 0.2440863 0.2440668 0.2440369 0.2438244
 [43] 0.2440566 0.2427069 0.2439751 0.2437308 0.2440908 0.2440768 0.2440544
 [50] 0.2440896 0.2437737 0.2440939 0.2440759 0.2440407 0.2440923 0.2440500
 [57] 0.2440631 0.2439114 0.2435887 0.2439269 0.2440912 0.2440901 0.2440938
 [64] 0.2439153 0.2440828 0.2440939 0.2440757 0.2440139 0.2440926 0.2440764
 [71] 0.2438381 0.2440930 0.2439116 0.2440938 0.2440901 0.2438528 0.2440938
 [78] 0.2439906 0.2440904 0.2440907 0.2440901 0.2440917 0.2438936 0.2436489
 [85] 0.2440939 0.2440932 0.2440904 0.2439851 0.2440026 0.2440921 0.2440842
 [92] 0.2385152 0.2439984 0.2440773 0.2440736 0.2440678 0.2440924 0.2440598
 [99] 0.2439049 0.2440939 0.2428921 0.2440928 0.2440934 0.2440807 0.2440934
[106] 0.2440213 0.2440931 0.2438859 0.2435956 0.2440870 0.2440927 0.2440911
[113] 0.2440863 0.2438958 0.2440929 0.2440938 0.2440912 0.2440938 0.2440637
[120] 0.2440764 0.2440939 0.2431664 0.2440901 0.2422922 0.2440935 0.2440520
[127] 0.2440910 0.2440908 0.2438930 0.2438511 0.2437587 0.2440847 0.2440877
[134] 0.2439120 0.2439080 0.2420907 0.2438486 0.2440069 0.2440931 0.2440867
[141] 0.2440779 0.2439566 0.2440939 0.2433327 0.2440914 0.2440935 0.2440924
[148] 0.2440931 0.2439227 0.2439853 0.2440515 0.2440091 0.2437638 0.2440592
[155] 0.2440844 0.2440939 0.2440693 0.2440937 0.2440872 0.2424269 0.2440556
[162] 0.2440834 0.2440829 0.2440906 0.2439981 0.2440749 0.2440908 0.2440858
[169] 0.2440856 0.2433644 0.2440732 0.2436987 0.2426794 0.2440141 0.2431424
[176] 0.2368476 0.2440673 0.2437969 0.2409064 0.2440171 0.2440847 0.2440311
[183] 0.2440709 0.2440330 0.2440930 0.2440939 0.2440862 0.2440803 0.2423827
[190] 0.2433412 0.2425539 0.2440938 0.2440687 0.2440847 0.2436989 0.2440517
[197] 0.2377970 0.2439871 0.2440396 0.2440646 0.2440882 0.2439819 0.2440308
[204] 0.2440590 0.2440928 0.2440867 0.2439156 0.2440791 0.2440920 0.2422779
[211] 0.2440939 0.2440014 0.2436232 0.2440690 0.2410381 0.2440600 0.2440918
[218] 0.2438898 0.2440910 0.2440448 0.2438757 0.2440238 0.2440847 0.2440936
[225] 0.2440417 0.2437977 0.2440933 0.2439785 0.2440939 0.2440939 0.2437950
[232] 0.2440825 0.2440532 0.2440853 0.2440931 0.2440921 0.2440939 0.2440929
[239] 0.2440802 0.2412988 0.2440849 0.2440624 0.2440818 0.2440755 0.2439475
[246] 0.2440933 0.2440745 0.2438222 0.2440711 0.2440830 0.2439773 0.2435185
[253] 0.2440741 0.2440881 0.2438887 0.2440615 0.2440888 0.2440938 0.2432531
[260] 0.2440825 0.2440829 0.2440709 0.2435496 0.2440726 0.2440419 0.2440397
[267] 0.2439646 0.2440417 0.2440898 0.2440752 0.2439306 0.2440860 0.2440507
[274] 0.2439751 0.2440160 0.2434102 0.2440812 0.2440866 0.2439970 0.2440939
[281] 0.2435497 0.2437596 0.2440590 0.2439568 0.2437783 0.2439773 0.2440618
[288] 0.2434510 0.2430026 0.2440916 0.2316971 0.2440865 0.2440340 0.2440858
[295] 0.2439999 0.2440939 0.2440321 0.2438881 0.2440873 0.2440898 0.2440935
[302] 0.2438911 0.2440839 0.2434363 0.2440939 0.2440433 0.2440524 0.2440294
[309] 0.2439183 0.2440818 0.2440872 0.2440939 0.2440194 0.2423109 0.2434866
[316] 0.2439746 0.2426769 0.2439614 0.2440871 0.2440044 0.2440938 0.2440542
[323] 0.2438825 0.2440894 0.2440936 0.2400558 0.2440931 0.2440937 0.2440935
[330] 0.2438605 0.2439427 0.2440932 0.2440497 0.2440923 0.2440939 0.2434354
[337] 0.2424879 0.2440867 0.2438226 0.2440345 0.2439061 0.2440776 0.2440733
[344] 0.2436955 0.2440242 0.2440419 0.2439910 0.2440919 0.2437905 0.2438650
[351] 0.2440883 0.2440898 0.2440292 0.2439813 0.2440938 0.2439784 0.2440913
[358] 0.2440421 0.2436152 0.2438339 0.2440879 0.2439074 0.2439345 0.2439722
[365] 0.2440714 0.2440919 0.2439740 0.2439920 0.2438299 0.2429186 0.2437815
[372] 0.2436279 0.2439344 0.2440934 0.2438662 0.2439921 0.2440810 0.2436574
[379] 0.2440809 0.2440773 0.2440188 0.2439171 0.2439871 0.2440939 0.2440642
[386] 0.2440935 0.2439234 0.2440479 0.2440938 0.2440648 0.2440768 0.2440935
[393] 0.2440802 0.2439395 0.2440909 0.2440931 0.2440835 0.2440939 0.2440658
[400] 0.2440471 0.2421768 0.2440605 0.2440867 0.2440869 0.2440752 0.2440084
[407] 0.2440512 0.2433795 0.2440931 0.2440878 0.2438371 0.2439930 0.2440939
[414] 0.2437386 0.2436677 0.2440874 0.2438781 0.2439063 0.2439083 0.2440914
[421] 0.2435977 0.2440919 0.2439669 0.2440494 0.2439149 0.2439668 0.2440122
[428] 0.2438753 0.2440925 0.2440179 0.2440812 0.2440374 0.2440937 0.2440939
[435] 0.2436409 0.2440705 0.2440939 0.2426912 0.2440901 0.2440880 0.2435141
[442] 0.2440901 0.2440859 0.2440321 0.2439274 0.2440288 0.2440325 0.2440937
[449] 0.2439513 0.2439692 0.2402023 0.2433531 0.2440911 0.2436930 0.2440832
[456] 0.2439072 0.2440901 0.2440804 0.2432462 0.2440166 0.2440688 0.2440884
[463] 0.2440526 0.2439783 0.2440859 0.2439589 0.2432286 0.2440781 0.2440934
[470] 0.2440774 0.2436714 0.2429001 0.2435405 0.2437364 0.2435241 0.2439896
[477] 0.2440437 0.2440928 0.2440056 0.2440111 0.2440153 0.2440908 0.2439508
[484] 0.2439605 0.2440287 0.2439408 0.2439553 0.2438944 0.2440866 0.2440313
[491] 0.2440935 0.2440129 0.2440939 0.2440871 0.2437923 0.2440938 0.2440404
[498] 0.2439050 0.2422118 0.2440804

$V_CXLS
  [1] 0.2437455 0.2440939 0.2440439 0.2439967 0.2440594 0.2440215 0.2436593
  [8] 0.2440523 0.2440915 0.2440640 0.2440210 0.2440932 0.2440360 0.2440931
 [15] 0.2440904 0.2440652 0.2440939 0.2439832 0.2440280 0.2440406 0.2438666
 [22] 0.2440601 0.2440519 0.2391607 0.2440938 0.2440799 0.2440408 0.2439998
 [29] 0.2440000 0.2440846 0.2440743 0.2440699 0.2440939 0.2439693 0.2440526
 [36] 0.2440937 0.2440844 0.2440768 0.2439494 0.2440619 0.2440931 0.2440785
 [43] 0.2440366 0.2432538 0.2440915 0.2438200 0.2440932 0.2438281 0.2440932
 [50] 0.2440864 0.2426185 0.2440937 0.2440852 0.2440870 0.2440523 0.2440554
 [57] 0.2440930 0.2440938 0.2440865 0.2440901 0.2440936 0.2440933 0.2440938
 [64] 0.2439157 0.2439744 0.2440298 0.2440444 0.2440384 0.2440891 0.2439801
 [71] 0.2440507 0.2440781 0.2440816 0.2440928 0.2440916 0.2439680 0.2440926
 [78] 0.2440359 0.2440463 0.2440934 0.2440910 0.2440923 0.2439294 0.2440726
 [85] 0.2440938 0.2440767 0.2440797 0.2440804 0.2440639 0.2440937 0.2438467
 [92] 0.2440622 0.2440874 0.2440900 0.2440894 0.2440854 0.2440612 0.2439781
 [99] 0.2438105 0.2440643 0.2431812 0.2440860 0.2440831 0.2440936 0.2440935
[106] 0.2440936 0.2440882 0.2440420 0.2437404 0.2440921 0.2440794 0.2440935
[113] 0.2440902 0.2440860 0.2440935 0.2440787 0.2439979 0.2440577 0.2440600
[120] 0.2440179 0.2440939 0.2440933 0.2440933 0.2418599 0.2440938 0.2440838
[127] 0.2439224 0.2440563 0.2430124 0.2439045 0.2440206 0.2440790 0.2440937
[134] 0.2440906 0.2439253 0.2438730 0.2439629 0.2440669 0.2440666 0.2440810
[141] 0.2438311 0.2440916 0.2440279 0.2429769 0.2440931 0.2440918 0.2440786
[148] 0.2439540 0.2439506 0.2440169 0.2440924 0.2439231 0.2437115 0.2440864
[155] 0.2440939 0.2440936 0.2440828 0.2440780 0.2440927 0.2440816 0.2440925
[162] 0.2424080 0.2440931 0.2440676 0.2437782 0.2440468 0.2440722 0.2440939
[169] 0.2440897 0.2440318 0.2440092 0.2440127 0.2439578 0.2440938 0.2440022
[176] 0.2440898 0.2430921 0.2440570 0.2440938 0.2440726 0.2440050 0.2440921
[183] 0.2440590 0.2440936 0.2440761 0.2440797 0.2440857 0.2440915 0.2440519
[190] 0.2438982 0.2438769 0.2440938 0.2440646 0.2440937 0.2430705 0.2440901
[197] 0.2440673 0.2440769 0.2440476 0.2436203 0.2440883 0.2440269 0.2440805
[204] 0.2439980 0.2440919 0.2440242 0.2437433 0.2440905 0.2440932 0.2439996
[211] 0.2440898 0.2440709 0.2440266 0.2439889 0.2431424 0.2440802 0.2440626
[218] 0.2440634 0.2440892 0.2440903 0.2440645 0.2440891 0.2440250 0.2439561
[225] 0.2440155 0.2440575 0.2440904 0.2439778 0.2440367 0.2440766 0.2437736
[232] 0.2440909 0.2440744 0.2440916 0.2440939 0.2440644 0.2440841 0.2440939
[239] 0.2440732 0.2440750 0.2440928 0.2440884 0.2439611 0.2440061 0.2439394
[246] 0.2440925 0.2440512 0.2440663 0.2440753 0.2439591 0.2439851 0.2440753
[253] 0.2440891 0.2439976 0.2439335 0.2440832 0.2440300 0.2440777 0.2440909
[260] 0.2440734 0.2438866 0.2440721 0.2440781 0.2440939 0.2440894 0.2440925
[267] 0.2440739 0.2440204 0.2440931 0.2440920 0.2440224 0.2440909 0.2440540
[274] 0.2440404 0.2438933 0.2437210 0.2440860 0.2440928 0.2440144 0.2440353
[281] 0.2440497 0.2440596 0.2440885 0.2440779 0.2440589 0.2440538 0.2437418
[288] 0.2439103 0.2434644 0.2440831 0.2425908 0.2440939 0.2440939 0.2440327
[295] 0.2440738 0.2440619 0.2440314 0.2440526 0.2440938 0.2440937 0.2440713
[302] 0.2439768 0.2440847 0.2437960 0.2440738 0.2440934 0.2440933 0.2440935
[309] 0.2440937 0.2440799 0.2440558 0.2440889 0.2440620 0.2439927 0.2433733
[316] 0.2440853 0.2420444 0.2440767 0.2436511 0.2440709 0.2440894 0.2440830
[323] 0.2437194 0.2440891 0.2440937 0.2436416 0.2440939 0.2440297 0.2440939
[330] 0.2439772 0.2440344 0.2440938 0.2440126 0.2440704 0.2440935 0.2439923
[337] 0.2440917 0.2436807 0.2440567 0.2440895 0.2440325 0.2440605 0.2440829
[344] 0.2439806 0.2435025 0.2440152 0.2440043 0.2440714 0.2438410 0.2434878
[351] 0.2440832 0.2440892 0.2440286 0.2440733 0.2440840 0.2437653 0.2439942
[358] 0.2440806 0.2440754 0.2440731 0.2440799 0.2440869 0.2440936 0.2440710
[365] 0.2440908 0.2440860 0.2440807 0.2440934 0.2439903 0.2440507 0.2436459
[372] 0.2440262 0.2440904 0.2440936 0.2440850 0.2440938 0.2440165 0.2440638
[379] 0.2439128 0.2439359 0.2440897 0.2440511 0.2440653 0.2439559 0.2440866
[386] 0.2440925 0.2439588 0.2440291 0.2440917 0.2440910 0.2440410 0.2414589
[393] 0.2440677 0.2439582 0.2440922 0.2437479 0.2440938 0.2440916 0.2440704
[400] 0.2440899 0.2440900 0.2440904 0.2439838 0.2440894 0.2440915 0.2440431
[407] 0.2440777 0.2434372 0.2439894 0.2440891 0.2440249 0.2440442 0.2440827
[414] 0.2396085 0.2436388 0.2440932 0.2439460 0.2440939 0.2440585 0.2440923
[421] 0.2440533 0.2440934 0.2440892 0.2440868 0.2440809 0.2440936 0.2439911
[428] 0.2440548 0.2440937 0.2440862 0.2440938 0.2438698 0.2440908 0.2440903
[435] 0.2435110 0.2440852 0.2440871 0.2440833 0.2405748 0.2440932 0.2440686
[442] 0.2440938 0.2440225 0.2440543 0.2439783 0.2440939 0.2438944 0.2440805
[449] 0.2437673 0.2440871 0.2440774 0.2440894 0.2440758 0.2432559 0.2440710
[456] 0.2439485 0.2440933 0.2440844 0.2438259 0.2440925 0.2440895 0.2440175
[463] 0.2435601 0.2440134 0.2440939 0.2440769 0.2440926 0.2440932 0.2440220
[470] 0.2440862 0.2440600 0.2440103 0.2440061 0.2440824 0.2436483 0.2440878
[477] 0.2440918 0.2440903 0.2440025 0.2439974 0.2440545 0.2440907 0.2440759
[484] 0.2440938 0.2440688 0.2439450 0.2440270 0.2439797 0.2440909 0.2440650
[491] 0.2440569 0.2440750 0.2439504 0.2439693 0.2438891 0.2440917 0.2440846
[498] 0.2438722 0.2440907 0.2440828

$V_OLS
  [1]  0.243190762  0.244058176  0.232658671  0.244065517  0.116443439
  [6]  0.244044181  0.244008201  0.241021154  0.244075228  0.243103219
 [11]  0.243523088  0.244076222  0.243959681  0.243863719  0.243954299
 [16]  0.242138130  0.243894256  0.243749535  0.243174363  0.244043991
 [21]  0.243007993  0.224283395  0.243487606  0.001872991  0.239479249
 [26]  0.244069044  0.235891636  0.244089877  0.244091866  0.244093019
 [31]  0.244015231  0.242940366  0.244074751  0.243387050  0.244058866
 [36]  0.244093545  0.243798010  0.235993394  0.243570834  0.244045594
 [41]  0.244074573  0.244024901  0.244079150  0.242579592  0.244058861
 [46]  0.151128256  0.231486414  0.243707457  0.244062576  0.243620619
 [51]  0.176402084  0.244085985  0.243934717  0.244091430  0.242744776
 [56]  0.241441892  0.243972954  0.244007893  0.242907062  0.243966280
 [61]  0.244092897  0.243492683  0.244091632  0.244087504  0.244078052
 [66]  0.243119687  0.243881628  0.243962089  0.244064831  0.243860992
 [71]  0.243482722  0.242479744  0.244093813  0.243819457  0.244091882
 [76]  0.244026404  0.243820686  0.243280996  0.243675619  0.243979724
 [81]  0.240124460  0.244089929  0.244041090  0.243994415  0.244088500
 [86]  0.243579572  0.244068822  0.243930118  0.243897969  0.244041487
 [91]  0.243947436  0.243976916  0.243458929  0.243899422  0.244093885
 [96]  0.244093697  0.244090169  0.047430060  0.241708201  0.244091863
[101]  0.187625718  0.244090746  0.244079871  0.243987310  0.244088649
[106]  0.191844361  0.244093778  0.242007155  0.242866874  0.244087449
[111]  0.243871856  0.243876163  0.244075111  0.243816962  0.243753433
[116]  0.243858061  0.244092230  0.243850337  0.241259585  0.243616028
[121]  0.244090749  0.244093264  0.243867004  0.240876056  0.244077924
[126]  0.244033526  0.244067227  0.243671855  0.243574670  0.239922427
[131]  0.220966321  0.244082917  0.244091835  0.244037113  0.243101708
[136]  0.241714676  0.244091440  0.244070859  0.244068725  0.243772597
[141]  0.237819544  0.244066483  0.243743227  0.159122448  0.244082126
[146]  0.243819404  0.155439486  0.244091687  0.242482708  0.243615231
[151]  0.243871735  0.242907004  0.243921967  0.244090573  0.244088048
[156]  0.243093768  0.242990531  0.244073769  0.243712729  0.244091410
[161]  0.243853212  0.241037172  0.243875539  0.244068147  0.243018764
[166]  0.244079745  0.243317752  0.243697746  0.087995566  0.243202962
[171]  0.244069818  0.243930321  0.241654807  0.244087368  0.243734845
[176]  0.242781418  0.236829824  0.244071199  0.244056147  0.243775628
[181]  0.244093863  0.237407515  0.244010929  0.244084228  0.244056847
[186]  0.244090863  0.243718189  0.244091056  0.244089715  0.243952198
[191]  0.231083837  0.244040883  0.244078328  0.243246811  0.213346537
[196]  0.241120898  0.239719422  0.243581557  0.243521366  0.242665383
[201]  0.244093899  0.243692059  0.244093278  0.241427433  0.244092563
[206]  0.243937939  0.231834922  0.244093633  0.238580071  0.242845221
[211]  0.244081830  0.244045038  0.239818144  0.244093305  0.203436639
[216]  0.244054013  0.243694982  0.243767079  0.244089396  0.244058192
[221]  0.244093903  0.244067172  0.238891539  0.244002202  0.244090200
[226]  0.243847630  0.244077124  0.243208090  0.242356973  0.244093891
[231]  0.244052313  0.244045056  0.242573844  0.244073299  0.243837547
[236]  0.244093631  0.244069608  0.244076675  0.243389312  0.244067424
[241]  0.243901477  0.243608866  0.240238689  0.243971753  0.242965151
[246]  0.243807479  0.244057767  0.242899040  0.243971870  0.244093870
[251]  0.243983878  0.244052317  0.243993287  0.243932516  0.244007174
[256]  0.244004734  0.244029243  0.244092370  0.175175444  0.244090928
[261]  0.244085601  0.244093198  0.239543141  0.244071818  0.244093021
[266]  0.244043719  0.243823091  0.240918067  0.244019031  0.244081631
[271]  0.243803566  0.243264625  0.244002173  0.169629778  0.241841007
[276]  0.244016318  0.240758666  0.244093659  0.243969538  0.244034899
[281]  0.243693370  0.243925803  0.243724818  0.243862797  0.243865531
[286]  0.243572711  0.243991599  0.243530703  0.238084622  0.244093083
[291]  0.228696583  0.243864625  0.244093841  0.243906807  0.242602317
[296]  0.243777600  0.209009800  0.244059580  0.243364672  0.243962672
[301]  0.243934000  0.242674528  0.244048629  0.232936300  0.244003352
[306]  0.244010524  0.244088451  0.244071951  0.244087140  0.243466382
[311]  0.244066405  0.242677677  0.242298318  0.244069349  0.244039485
[316]  0.243833324  0.243714337  0.242055066  0.237913587  0.244084420
[321]  0.244019265  0.240013873  0.240140312  0.244046536  0.244077442
[326]  0.237133003  0.242327900  0.243960409  0.244011600  0.243595599
[331]  0.241660580  0.243471475  0.243816051  0.244081206  0.244069264
[336]  0.244018468  0.243238864  0.242805931 -0.228729646  0.244093564
[341]  0.244052677  0.243848941  0.244093279  0.239796922  0.240106927
[346]  0.243998531  0.243927708  0.244037252  0.244075378  0.242737828
[351]  0.244093708  0.244070112  0.243179670  0.244058954  0.244091706
[356]  0.238621045  0.244048258  0.244093734  0.243905472  0.241588025
[361]  0.244092890  0.243946856  0.243579524  0.243988629  0.244005395
[366]  0.244049763  0.244083135  0.244073469  0.236748223  0.185159801
[371]  0.240056781  0.134908294  0.243980711  0.243988380  0.195193277
[376]  0.243998400  0.244084678  0.244093904  0.243834999  0.243954542
[381]  0.244090624  0.243888119  0.243839706  0.244055335  0.243907217
[386]  0.243683072  0.243046099  0.243800700  0.244088452  0.244092411
[391]  0.244073211  0.227399658  0.244063085  0.243261437  0.243981762
[396]  0.243829742  0.243123378  0.244018752  0.243459471  0.243961890
[401]  0.243830305  0.241464283  0.243992168  0.244041491  0.243771184
[406]  0.243880961  0.243751432  0.241002797  0.215659332  0.243951447
[411]  0.244054580  0.241886976  0.231655594  0.171731630  0.244091107
[416]  0.244089750  0.239754419  0.244069386  0.243712695  0.243298385
[421]  0.242250651  0.242397887  0.243858476  0.244092419  0.243462451
[426]  0.243868808  0.243969273  0.244075648  0.244072046  0.244070979
[431]  0.244090893  0.243712072  0.243924526  0.244014700  0.237130858
[436]  0.243873766  0.243881672  0.204853048  0.243230084  0.243829676
[441]  0.236703516  0.242672735  0.243992532  0.243282458  0.244093044
[446]  0.243211694  0.243609977  0.244047557  0.234810339  0.243955693
[451]  0.243906565  0.242997175  0.243926619  0.240470384  0.244092073
[456]  0.243903717  0.243960231  0.244067669  0.241401840  0.239268729
[461]  0.244066356  0.244029781  0.243430017  0.244069104  0.243983469
[466]  0.244070614  0.243869830  0.243442310  0.235376388  0.244093904
[471]  0.244028425  0.243978886  0.223147982  0.244072300  0.243977042
[476]  0.242786043  0.243947463  0.244081629  0.243701292  0.243164948
[481]  0.244054969  0.244093737  0.243972362  0.243779332  0.244004911
[486]  0.243916849  0.243623602  0.243961878  0.244055422  0.244012562
[491]  0.244093573  0.243412583  0.243006399  0.244023151  0.243912273
[496]  0.244092106  0.244012435  0.244082741  0.222334277  0.243736799

$Beta_CX
                [,1]        [,2]      [,3]
  [1,]  0.0745086018 0.133158589 0.5205059
  [2,] -0.0071492318 0.414125962 0.7749918
  [3,] -0.0414675237 0.443850203 0.6382954
  [4,] -0.0414438684 0.681748665 0.9158819
  [5,] -0.0864093164 0.393484485 0.6294488
  [6,]  0.1878097710 0.365127162 0.8125745
  [7,] -0.0568079564 0.578161101 0.6590201
  [8,] -0.1486434564 0.340910483 0.6915315
  [9,]  0.0241845342 0.494723976 0.8412752
 [10,]  0.0007084238 0.505854769 0.7391628
 [11,] -0.1285074712 0.476141472 0.7396901
 [12,] -0.0297626718 0.386093147 0.8655722
 [13,]  0.0417866398 0.544073750 0.7674143
 [14,] -0.0678251449 0.548432162 1.0311881
 [15,] -0.0291705589 0.335919758 0.8130655
 [16,]  0.0168268385 0.380760413 0.5607500
 [17,]  0.0256147664 0.504421472 0.9808205
 [18,]  0.1205811532 0.517046374 0.7453638
 [19,] -0.0551684558 0.264498864 0.8182712
 [20,] -0.1806818647 0.576949131 0.9565317
 [21,]  0.2397630463 0.418063796 0.7383938
 [22,]  0.1076647711 0.350768792 0.9167085
 [23,]  0.1334568691 0.319377466 0.6150240
 [24,] -0.1539830255 0.031606082 0.4787028
 [25,] -0.0207900647 0.319617007 0.6104386
 [26,] -0.0344133792 0.733775253 1.1398347
 [27,]  0.0580240971 0.259002124 0.7706912
 [28,] -0.0154276539 0.599101651 0.8031223
 [29,]  0.1162407311 0.505082733 0.7401729
 [30,]  0.1172368407 0.455268044 1.0467264
 [31,] -0.0665588627 0.584658495 0.9115454
 [32,]  0.0940615257 0.290111386 0.7029846
 [33,] -0.0073870805 0.511614851 1.0491411
 [34,]  0.0586116576 0.605388877 0.7988112
 [35,] -0.1148595766 0.327391321 0.8474576
 [36,] -0.0221390996 0.330410464 0.7169159
 [37,] -0.0629939590 0.320663006 0.7830774
 [38,] -0.0815266371 0.418406985 0.6972049
 [39,]  0.0936735729 0.522077567 0.7057437
 [40,] -0.0132872983 0.434361981 0.6342808
 [41,]  0.0336349434 0.358592716 0.6540893
 [42,] -0.0911262831 0.380588870 0.9456104
 [43,] -0.0896948575 0.495673372 0.7394895
 [44,]  0.0631792032 0.116430367 0.6969301
 [45,]  0.0103335898 0.421199387 1.0205692
 [46,] -0.0139559985 0.214066341 0.9205842
 [47,] -0.0572203553 0.399610912 0.8435549
 [48,] -0.0518065762 0.637107685 0.7700401
 [49,] -0.0163509989 0.676649044 1.1947948
 [50,] -0.0390801482 0.543412757 0.8827493
 [51,] -0.0145166061 0.077311529 0.7395870
 [52,]  0.0234001246 0.469114410 0.8652718
 [53,] -0.0753806541 0.274035557 0.6066103
 [54,]  0.0692385872 0.316187525 0.7335629
 [55,] -0.0555469142 0.592374093 0.8647478
 [56,]  0.0911336119 0.534416327 0.8161803
 [57,] -0.0234134923 0.501317177 0.8850658
 [58,]  0.0466868711 0.499513549 0.9773746
 [59,] -0.0227372609 0.554839379 0.8917196
 [60,] -0.0469838917 0.523895291 0.8893043
 [61,] -0.0003990785 0.362364255 0.8134579
 [62,] -0.0579661161 0.423141133 0.8872147
 [63,]  0.0476743955 0.532189464 1.0571584
 [64,]  0.0604427001 0.522501929 0.6694843
 [65,] -0.0140336032 0.715398793 0.9360042
 [66,] -0.0240086434 0.592485337 0.8220143
 [67,] -0.0160879053 0.340156745 0.4818617
 [68,] -0.0594275000 0.298335915 0.9019297
 [69,] -0.0751816328 0.442390987 0.7869381
 [70,] -0.0157426440 0.561127907 0.7383318
 [71,] -0.0063394223 0.385502971 0.5489278
 [72,]  0.0815600006 0.502860913 0.8202697
 [73,]  0.0862894581 0.385654508 0.9466391
 [74,]  0.0243159330 0.360735200 0.8292977
 [75,]  0.0713609131 0.347457195 0.7310324
 [76,] -0.1511814860 0.291495845 0.8141621
 [77,] -0.0161816298 0.577115198 0.9998959
 [78,]  0.1662872008 0.342695147 0.7445724
 [79,] -0.0533676522 0.307064931 0.9166682
 [80,]  0.0196337231 0.418942568 0.7530854
 [81,]  0.0421355612 0.246798077 0.5578020
 [82,] -0.0836007693 0.442362193 0.9202143
 [83,] -0.1196677647 0.210500796 0.6047414
 [84,]  0.1356561036 0.425201095 0.7787714
 [85,] -0.0040143547 0.469914095 0.8625672
 [86,]  0.1261926522 0.430199060 0.7815481
 [87,] -0.0119530608 0.248369872 0.6740778
 [88,] -0.0530092463 0.418244424 0.6751185
 [89,]  0.1350259644 0.509214123 0.8537703
 [90,]  0.0135853034 0.416695614 0.7597749
 [91,]  0.0814218940 0.497286464 0.6267732
 [92,] -0.0533839266 0.450773225 0.6797559
 [93,] -0.0112200136 0.514105315 0.8285368
 [94,]  0.0666396397 0.365334670 0.8351720
 [95,]  0.0051342467 0.424227765 0.6954784
 [96,]  0.0771129927 0.379451486 0.9137305
 [97,] -0.0312317650 0.542531486 0.7953753
 [98,]  0.0713965220 0.157618109 0.4669857
 [99,] -0.1229818589 0.508522379 0.6591682
[100,]  0.1070838556 0.366874309 0.9506279
[101,]  0.0980719799 0.101401638 0.4904939
[102,]  0.0808472935 0.386745376 0.9188439
[103,] -0.0786274684 0.382382828 0.9385062
[104,] -0.0391432090 0.380419115 0.8073803
[105,]  0.0265573505 0.502869303 0.9159109
[106,] -0.0213701532 0.211796642 0.4477241
[107,]  0.0729836723 0.481735950 1.1658327
[108,] -0.1038817441 0.354192350 0.5789534
[109,] -0.1228248289 0.607565086 0.7465873
[110,]  0.0496126146 0.296272885 0.5565667
[111,] -0.0309956169 0.335045051 0.9028507
[112,]  0.0168734683 0.377603695 0.6813210
[113,] -0.0348994490 0.384605983 0.6539820
[114,]  0.0152204246 0.323171057 0.8389197
[115,] -0.0546063558 0.406564270 0.8387510
[116,]  0.1207204494 0.379270884 0.8554536
[117,]  0.1248059503 0.265271284 0.7329567
[118,]  0.0671420398 0.899863701 1.3165092
[119,] -0.0701649133 0.528394055 0.7994133
[120,] -0.1437157224 0.377168583 1.0729012
[121,]  0.0333149592 0.465125201 0.9009813
[122,]  0.0503624291 0.334595717 0.6848323
[123,]  0.0297624419 0.391666923 0.8748737
[124,]  0.1179080348 0.069929171 0.7712544
[125,]  0.0116067462 0.412668014 0.8946377
[126,]  0.0377782658 0.278124964 0.7123196
[127,]  0.0305686634 0.648208475 0.8184079
[128,] -0.0556190246 0.521896572 0.7726086
[129,]  0.1191466022 0.127953515 0.7529860
[130,] -0.1205171883 0.460282196 0.6367935
[131,] -0.0929856064 0.258530953 0.7437328
[132,]  0.0779068758 0.454697768 0.7497834
[133,] -0.0473054674 0.474521548 0.9135709
[134,]  0.0267714557 0.484281817 0.8135686
[135,] -0.2428774758 0.374621853 0.8284822
[136,] -0.1396123024 0.329431261 0.5062114
[137,] -0.0943306795 0.398606616 0.5665724
[138,]  0.0535888302 0.476791500 0.7233600
[139,]  0.0162147961 0.245006675 0.7042443
[140,] -0.0314872547 0.312559740 0.8293477
[141,]  0.1414342916 0.229533220 0.7567800
[142,]  0.0910596626 0.469620880 0.8995975
[143,] -0.1180977345 0.531453266 0.8046649
[144,] -0.1944525591 0.160670828 0.6306285
[145,]  0.0222915178 0.303462977 0.6856282
[146,]  0.0396829044 0.401979547 0.9388393
[147,] -0.0696788913 0.260165272 0.6274865
[148,]  0.0479179083 0.657408208 0.8524830
[149,] -0.0062387366 0.268054040 0.9895100
[150,] -0.1715613539 0.339830014 0.6800224
[151,]  0.0208182185 0.430095154 0.7439694
[152,] -0.0202057517 0.206902882 0.7869816
[153,] -0.2911319079 0.362555005 0.7935804
[154,] -0.0347818401 0.490419418 0.7966091
[155,] -0.0020575581 0.408280522 0.8698241
[156,]  0.0081414052 0.455211226 1.0131389
[157,] -0.0656460298 0.321897272 0.5581163
[158,] -0.1022279239 0.367629289 0.8816102
[159,] -0.0461290504 0.371727713 0.8258536
[160,] -0.0907211344 0.372461240 0.8960524
[161,] -0.0814178421 0.440841176 0.9113384
[162,]  0.0240290789 0.555238548 0.5025484
[163,] -0.0586649244 0.360511349 0.7205894
[164,]  0.0510729411 0.375559942 1.0533641
[165,] -0.0485109342 0.626640643 0.7405194
[166,] -0.1078601328 0.278767992 0.7113381
[167,]  0.1024350267 0.424814767 0.7182792
[168,]  0.0019521365 0.346182145 0.7090855
[169,] -0.0633925510 0.269284806 0.5757743
[170,] -0.1624842775 0.330328152 0.7235336
[171,]  0.1395282264 0.281586123 0.7178095
[172,]  0.0179632956 0.236576435 0.7885957
[173,]  0.0721530911 0.207650362 0.6971953
[174,] -0.0091677408 0.589455698 1.0979766
[175,]  0.0737472211 0.378089028 0.5422433
[176,] -0.0186923315 0.483259014 0.7991284
[177,]  0.1300415196 0.154116878 0.9027921
[178,] -0.0979483432 0.425484750 0.6823053
[179,] -0.0484887097 0.560481617 1.1114797
[180,] -0.1240677338 0.363052504 0.8407670
[181,]  0.0110157456 0.424168146 0.5704055
[182,] -0.0449906355 0.344830262 0.7808665
[183,]  0.0531407171 0.335564751 0.9674377
[184,]  0.0260873367 0.322035689 0.6012431
[185,] -0.0460427484 0.310737434 0.8355526
[186,]  0.0423439925 0.320325891 0.8460794
[187,] -0.0446782619 0.284614880 0.7053004
[188,]  0.0356683063 0.499780404 0.8584873
[189,] -0.0780476879 0.462815064 0.7030042
[190,] -0.1111404380 0.552160851 0.7319811
[191,] -0.2475732254 0.372402443 0.7566874
[192,] -0.0376928411 0.466581082 0.9579753
[193,]  0.0111229491 0.434410968 0.6366043
[194,] -0.0067214585 0.451175937 0.9922956
[195,] -0.0825265547 0.096328402 0.5858016
[196,] -0.0382561246 0.420406052 0.7136444
[197,] -0.0641794179 0.270909753 0.7231552
[198,]  0.0117555146 0.301035518 0.8286690
[199,]  0.1182575413 0.326556240 0.8538864
[200,] -0.0172453212 0.514426490 0.5724395
[201,]  0.0206529951 0.620125166 1.0093239
[202,]  0.1601950699 0.381182592 1.0139129
[203,] -0.0909784536 0.455693728 0.7760671
[204,]  0.1107165450 0.299855828 0.9140719
[205,]  0.0677414124 0.355729620 0.7592804
[206,]  0.1262346359 0.269973692 0.6775799
[207,] -0.1546934749 0.370871642 0.5304920
[208,]  0.0212258583 0.432525973 0.7237414
[209,] -0.0292916751 0.355687736 0.6475904
[210,] -0.0497145862 0.357198102 1.2005191
[211,]  0.0488652423 0.461246074 0.7879592
[212,] -0.0249656105 0.411152382 0.6186399
[213,]  0.1463777376 0.328728025 0.6075300
[214,]  0.0606264885 0.263468606 0.8834076
[215,]  0.1097769944 0.127397149 0.7072625
[216,]  0.1120007915 0.341729380 0.7380068
[217,] -0.1462506002 0.409741540 0.7541665
[218,] -0.0902200868 0.592666899 0.9136212
[219,]  0.0105254005 0.353372941 0.8865169
[220,]  0.0385524958 0.328725896 0.7850389
[221,]  0.0377921178 0.589426963 0.8717685
[222,] -0.0180729266 0.353161000 0.8840087
[223,] -0.0895528893 0.315668739 0.9477507
[224,] -0.0419640822 0.228658933 0.8179797
[225,] -0.0857191757 0.503704013 0.7246008
[226,] -0.0552442095 0.267394789 0.7583089
[227,] -0.0155773041 0.386931814 0.9524195
[228,]  0.0610959919 0.230517394 0.7768367
[229,]  0.0280474099 0.334442830 1.0537928
[230,]  0.0906219434 0.292070373 0.6832623
[231,] -0.1094421219 0.428844566 0.5514448
[232,] -0.0171602020 0.274517751 0.6664406
[233,] -0.0135929669 0.295627247 0.8267022
[234,]  0.0604969365 0.370619749 0.8282119
[235,]  0.0152337041 0.370121316 0.7761981
[236,]  0.1202108381 0.504432486 0.8279572
[237,]  0.0486122849 0.332492300 0.8443737
[238,]  0.0054885947 0.352480623 0.7319421
[239,]  0.1554293359 0.430210811 0.8507913
[240,] -0.0809761195 0.563373480 0.8966115
[241,] -0.0365431523 0.444345570 1.0147481
[242,] -0.1189421801 0.494888293 0.9444737
[243,]  0.1441383508 0.290795348 0.8575044
[244,] -0.0126358195 0.776624820 1.0472195
[245,] -0.1924418488 0.450332598 0.7283764
[246,]  0.0757833493 0.408963898 0.8125444
[247,]  0.0791728552 0.374137393 1.0839935
[248,] -0.1061221319 0.285508719 0.5476010
[249,] -0.1617192463 0.588070254 1.0438289
[250,] -0.0719985590 0.266656301 0.9207661
[251,]  0.1915285855 0.349124644 0.6947004
[252,] -0.0552895582 0.339776501 0.9114545
[253,]  0.1105533606 0.489700898 1.0866337
[254,] -0.0833548826 0.619733446 0.8564258
[255,]  0.0846194955 0.190513140 0.6264802
[256,]  0.0694079248 0.384267494 0.9619691
[257,]  0.0985660504 0.392681276 0.6067508
[258,] -0.0159739009 0.342499737 0.9415420
[259,]  0.0029460217 0.350643391 0.8592250
[260,]  0.0724870873 0.356344501 0.9409778
[261,]  0.0794425400 0.306362241 1.1795324
[262,]  0.0292213635 0.600281296 0.9038868
[263,] -0.1172365161 0.370851919 0.8456786
[264,] -0.0054101417 0.396540407 0.8444867
[265,] -0.0386708502 0.461506801 0.7746603
[266,] -0.0207043853 0.404043151 0.7041346
[267,] -0.0252029883 0.193843666 0.5319701
[268,]  0.1206726455 0.325617628 0.9343571
[269,]  0.0247656751 0.438550721 0.7816140
[270,]  0.0860678868 0.431301755 0.8741026
[271,] -0.0432800660 0.585903763 0.8122074
[272,] -0.0227208024 0.356933472 0.8663127
[273,]  0.2051035196 0.529436599 1.3016918
[274,]  0.0913431190 0.381914598 0.5941123
[275,]  0.2225253371 0.563589695 0.8564332
[276,]  0.0225311710 0.167095891 0.7805048
[277,]  0.0404706611 0.286056435 0.7159695
[278,]  0.0156331138 0.314824360 0.7307888
[279,]  0.1151544098 0.291109653 0.8315769
[280,]  0.1629291355 0.427514169 1.1537228
[281,]  0.1713184994 0.380706721 0.7974277
[282,]  0.0348459999 0.267673401 0.7783868
[283,] -0.0700877578 0.400398843 0.9441647
[284,]  0.0177582596 0.287841439 0.7856503
[285,] -0.1369705239 0.379929189 0.9416088
[286,] -0.1129663839 0.527391810 0.8298803
[287,] -0.1267593215 0.203640742 0.7567470
[288,]  0.1215556884 0.344272572 0.5118443
[289,] -0.2098524109 0.297828067 0.4964155
[290,]  0.1019514613 0.451442113 1.0904684
[291,] -0.0846349675 0.069085739 0.4953370
[292,]  0.0055328931 0.351017032 0.7013155
[293,] -0.0167949857 0.476150161 0.9114549
[294,]  0.0118885757 0.577361983 0.8016805
[295,] -0.0627666244 0.427619711 0.6780877
[296,]  0.0621469253 0.295782545 0.8219986
[297,] -0.0252501904 0.211414165 0.6676660
[298,]  0.1012569799 0.306165649 0.8096706
[299,]  0.0060937958 0.393560067 0.7257394
[300,] -0.0387201608 0.427780226 0.9006831
[301,]  0.0725727328 0.452195377 0.7159583
[302,] -0.1520019652 0.366218174 0.6077739
[303,]  0.1240711943 0.456393431 0.8622842
[304,] -0.0387994474 0.248046557 1.0791164
[305,]  0.1462252763 0.463291394 1.1023027
[306,] -0.0597257526 0.496394525 1.0515839
[307,] -0.0057551679 0.687900401 1.2160621
[308,] -0.0191124139 0.337125066 0.6156219
[309,] -0.0427984474 0.444526986 0.9366735
[310,]  0.0103937946 0.319971011 0.8673239
[311,] -0.0261813241 0.442818477 0.6426048
[312,] -0.0102812317 0.448280450 1.1301329
[313,] -0.0048249554 0.237712797 0.6998157
[314,]  0.0034434008 0.759192218 1.0081536
[315,]  0.2094515688 0.212223893 0.7788142
[316,] -0.0423935629 0.454992528 0.7418477
[317,]  0.0526312915 0.590494901 0.5191058
[318,] -0.0624386035 0.264989669 0.6695568
[319,] -0.0535643212 0.646324030 0.7317306
[320,]  0.1686333313 0.497647284 0.9271455
[321,]  0.0148243144 0.505032094 0.8305278
[322,] -0.0840096561 0.440149805 0.7559953
[323,] -0.0518212010 0.479083446 0.5591921
[324,]  0.0667317268 0.379330327 0.6776265
[325,]  0.0252723508 0.462506080 0.8530338
[326,]  0.2192413624 0.251574912 0.7095248
[327,]  0.0015619119 0.429947728 0.8112583
[328,]  0.1274267272 0.377787771 1.0827489
[329,]  0.0279761375 0.575867276 1.1393089
[330,] -0.0978480567 0.277100366 0.8859157
[331,]  0.1124599537 0.505170399 0.7701528
[332,]  0.0230575122 0.434798258 0.8192433
[333,]  0.0850555252 0.604006227 0.8492092
[334,] -0.0325151628 0.571338228 0.8579479
[335,]  0.0320531059 0.497429811 0.9093560
[336,] -0.0345778586 0.441531610 0.5936441
[337,] -0.0773962587 0.490220157 0.9037556
[338,]  0.1477108439 0.772862853 0.9250821
[339,]  0.0885513895 0.219267326 0.5164605
[340,]  0.1226042955 0.497193025 0.9926374
[341,]  0.1512967284 0.565588977 0.8877236
[342,]  0.0797931202 0.473970269 1.3536122
[343,]  0.0130533752 0.293298970 0.7803779
[344,]  0.2207686610 0.438057622 0.8030125
[345,] -0.0354996270 0.533927491 0.5783725
[346,]  0.1616774722 0.518996265 0.8233483
[347,]  0.1365521547 0.674028333 0.9740268
[348,] -0.0825918748 0.401870338 0.6598989
[349,] -0.0225184529 0.223401211 0.9371208
[350,] -0.1621262139 0.605221795 0.7150825
[351,] -0.1335561872 0.486720296 1.1099301
[352,]  0.0034292486 0.440469846 0.7207658
[353,]  0.0918709244 0.553711388 0.8067367
[354,]  0.1139055180 0.485465753 0.8196441
[355,] -0.0439823745 0.373163214 0.9598679
[356,]  0.0818334529 0.231649758 0.9879597
[357,]  0.0014307646 0.223249660 0.7712015
[358,]  0.1158800845 0.351004834 0.7183269
[359,] -0.1087786659 0.351203153 0.8304791
[360,]  0.0963195758 0.500633418 1.3333194
[361,] -0.1212973231 0.534261669 0.9280837
[362,] -0.1731149682 0.656658731 1.2700407
[363,]  0.0099837060 0.370694295 0.8275601
[364,] -0.0383479880 0.404295881 0.6168856
[365,]  0.0601663449 0.372023666 0.8523536
[366,] -0.0863386766 0.368650757 0.8511629
[367,] -0.1143482248 0.418753177 0.7658737
[368,]  0.0443703319 0.384982276 0.8262298
[369,]  0.1272011850 0.224110932 0.5033309
[370,]  0.0718013941 0.172114177 0.4115623
[371,]  0.1065309541 0.208962567 0.9348597
[372,] -0.1236379041 0.257840691 0.6247886
[373,] -0.0782926236 0.336956192 0.6940731
[374,] -0.0560577291 0.486817970 0.9429266
[375,] -0.0338221183 0.318927751 0.8171963
[376,]  0.0242912424 0.414028711 0.8715386
[377,] -0.0934981457 0.258853782 0.7532290
[378,]  0.0916066575 0.579428292 0.8955476
[379,] -0.1327741132 0.562577389 0.7692547
[380,]  0.0270186895 0.127553287 0.4677010
[381,]  0.0844379736 0.408187626 0.9154567
[382,]  0.1872932935 0.419062700 0.8839999
[383,] -0.0785266217 0.628907518 0.9588450
[384,] -0.0446409282 0.565805864 0.7372062
[385,] -0.0213899738 0.306774251 0.7855513
[386,]  0.0405190915 0.358393598 0.8122500
[387,] -0.0271299049 0.654554863 0.8477735
[388,]  0.1914739321 0.888141253 1.3370933
[389,]  0.0542968252 0.482664797 1.1198741
[390,]  0.0691346845 0.411108828 0.9297029
[391,]  0.1521013689 0.559457814 1.6192261
[392,] -0.0669664783 0.680096920 0.5664863
[393,]  0.0580803753 0.357064490 0.9914855
[394,]  0.0159439510 0.145970573 0.5285147
[395,]  0.0599480810 0.471192784 0.8542873
[396,] -0.0204930536 0.816860532 0.9464213
[397,] -0.0410780281 0.388052509 0.7716970
[398,] -0.0230797318 0.565795627 0.9618140
[399,] -0.1530476441 0.404569590 0.8193290
[400,] -0.0571607272 0.284890003 0.6386540
[401,] -0.0188318659 0.274698191 0.6754052
[402,]  0.0243539451 0.307474572 0.7479309
[403,] -0.0816523880 0.285147808 0.9347568
[404,]  0.0999387817 0.471759282 0.8788562
[405,]  0.0155247242 0.530258602 0.8954002
[406,]  0.2201196878 0.471909340 1.0384803
[407,] -0.1329007348 0.388426692 0.7794384
[408,] -0.1140954946 0.489439876 0.5583921
[409,] -0.0785120124 0.152543553 0.4028745
[410,]  0.0265211387 0.525679559 0.8664638
[411,]  0.1038789233 0.456960913 0.6893656
[412,] -0.1153938597 0.358935007 0.9886040
[413,]  0.0143403617 0.397255411 0.6232424
[414,]  0.1164845552 0.008403486 0.6284413
[415,]  0.0425523338 0.595713859 0.6704544
[416,] -0.0167124316 0.371157566 0.8458920
[417,]  0.1461765959 0.272110818 0.7924052
[418,] -0.0077753812 0.401616301 0.7511445
[419,] -0.1825559553 0.434345384 0.9616076
[420,]  0.0650215480 0.351880590 0.7388745
[421,]  0.0301051841 0.423531739 0.6135278
[422,]  0.0335698400 0.286760940 0.6098186
[423,]  0.0871784627 0.443031234 0.8082642
[424,]  0.1028826479 0.385118286 0.8414904
[425,] -0.1179217669 0.363044335 0.7325084
[426,] -0.0537754800 0.450165985 0.9398440
[427,]  0.1385616904 0.253285711 0.6270377
[428,]  0.0158648866 0.304154290 0.9147459
[429,] -0.0359616595 0.331467308 0.6598207
[430,]  0.0393959728 0.652878217 1.0528022
[431,] -0.0326037755 0.459409126 0.9807578
[432,]  0.0130154354 0.960533569 1.1714654
[433,] -0.0286275992 0.377588666 0.6427365
[434,]  0.0143907139 0.366538028 0.9032146
[435,]  0.0602637856 0.156329763 0.8228753
[436,] -0.1315889440 0.458727867 0.9892459
[437,]  0.0590526687 0.277856832 0.6484944
[438,] -0.1052439502 0.364902830 0.8139133
[439,] -0.0803390104 0.019520940 0.5544396
[440,]  0.0713531729 0.473018134 0.9265383
[441,] -0.0564556302 0.433271652 1.2184122
[442,] -0.0134412294 0.368954501 0.6884619
[443,] -0.0998966882 0.661092285 0.9494344
[444,] -0.0733926668 0.273813182 0.7576739
[445,]  0.0193454192 0.184429158 0.6493347
[446,]  0.0155390238 0.416075259 0.8012796
[447,]  0.0608845446 0.550573181 0.6958514
[448,]  0.0553607222 0.299229087 0.7627540
[449,]  0.1056644390 0.208222663 0.8226982
[450,]  0.0835365114 0.468012475 0.8194279
[451,] -0.1135933773 0.506573089 0.8674604
[452,] -0.0001650697 0.336104989 0.8419026
[453,] -0.0899646489 0.325450762 0.7975341
[454,] -0.2286023414 0.322119970 0.5102236
[455,]  0.1631148782 0.436010290 0.9522157
[456,] -0.0347027455 0.182018121 0.6573361
[457,] -0.0116315433 0.437802635 0.7783130
[458,] -0.0452744626 0.415407451 1.0689892
[459,] -0.2337419057 0.319682701 0.6989715
[460,]  0.0411926846 0.357375162 0.8061346
[461,]  0.0594515581 0.268014195 0.5908520
[462,]  0.0616246693 0.310787861 0.9981888
[463,] -0.1641950869 1.223416253 1.3722346
[464,] -0.0768070738 0.535519871 0.7567443
[465,]  0.0036545361 0.399560678 0.7624770
[466,] -0.0114533849 0.412154342 0.6292711
[467,] -0.0396663289 0.305912053 0.6798626
[468,]  0.0717070257 0.495037394 1.0325320
[469,] -0.0002882572 0.464172905 0.6357371
[470,] -0.0614516450 0.349712363 0.8501327
[471,] -0.0080947627 0.225598863 0.6678996
[472,] -0.1069465582 0.566453637 0.8189724
[473,] -0.0884005507 0.289166016 0.8961699
[474,] -0.0358302144 0.434103575 0.6915097
[475,] -0.0449169552 0.161637377 0.7837521
[476,] -0.0519584868 0.313058801 0.7513984
[477,] -0.0327656684 0.332337903 0.7760288
[478,]  0.0984518658 0.418007793 0.8380049
[479,]  0.0469114596 0.508714975 0.6914576
[480,] -0.0373826579 0.524080552 0.7063727
[481,] -0.1894981108 0.434925675 0.9096840
[482,] -0.0524818417 0.349333669 0.6252664
[483,] -0.1053351019 0.383944742 0.9415173
[484,] -0.0257361251 0.507872889 0.9552203
[485,] -0.1587567834 0.463878159 0.8605738
[486,] -0.0726295851 0.702045290 0.9149151
[487,] -0.0027216406 0.242204934 0.7839715
[488,]  0.0655610316 0.248022140 0.8330043
[489,] -0.0559031452 0.346398577 0.6293254
[490,] -0.0908718615 0.279500067 0.6998949
[491,]  0.0669643123 0.254124666 0.6978002
[492,] -0.0039296305 0.360711155 1.0077831
[493,] -0.0142994312 0.638836534 0.8196758
[494,] -0.0638361514 0.180972326 0.5875669
[495,]  0.0456063037 0.605925110 0.7551738
[496,]  0.0327680336 0.438831361 0.7579134
[497,]  0.0655627413 0.458215456 0.7646351
[498,] -0.0366852355 0.229108935 0.9206089
[499,] -0.0677133636 0.305660914 0.6471749
[500,]  0.0054725308 0.429960790 0.6725789

