$RE_RF
[1] 3.493969

$RE_CXls
[1] 4.540871

$RF_2_imput
                 [,1]
Q1_bias   -0.43171833
mean_bias -0.01243347
Q3_bias    0.40053512
MSE        0.67276419

$CXls_imput
                  [,1]
Q1_bias   -0.239036724
mean_bias  0.003519412
Q3_bias    0.209319820
MSE        0.345653904

$bias_sd_OLS
                 beta.t        bias       Esd       Asd    CP
(Intercept) 0.002284236 0.007383158 0.1600954 0.1575223 0.952
X1          0.407280340 0.023476834 0.2251038 0.2211170 0.954
X2          0.812508620 0.001035726 0.2831329 0.2752414 0.936

$bias_sd_RF
                 beta.t        bias         sd
(Intercept) 0.002284236 -0.01481631 0.08333918
X1          0.407280340 -0.11882838 0.08392166
X2          0.812508620 -0.08435564 0.09730896

$bias_sd_CXls
                 beta.t          bias        Esd     Asd_IF    CP  RE_beta
(Intercept) 0.002284236  0.0011337894 0.08261562 0.07998364 0.938 1.013144
X1          0.407280340  0.0002327854 0.10787998 0.09980880 0.938 1.117677
X2          0.812508620 -0.0054224451 0.12687403 0.11718583 0.924 4.971034

$pcd_OLS
[1] 0.91311345 0.06375656

$VF_OLS
[1] 0.99020868 0.01559131

$pcd_RF
[1] 0.94701236 0.02876748

$VF_RF
[1] 0.9927520925 0.0003700963

$pcd_CXls
[1] 0.95636127 0.02469136

$VF_Cxls
[1] 0.9928168971 0.0002808067

$VF_0
  mean_V0     sd_V0 
0.9929053 2.1948286 

$VF_B0
 mean_VB0    sd_VB0 
0.9929053 2.1948286 

$PCD_vals_RF
  [1] 0.9792727 0.8564545 0.9907273 0.9482727 0.9868182 0.8809091 0.9264545
  [8] 0.9120000 0.9794545 0.9026364 0.9154545 0.9300000 0.9960909 0.9955455
 [15] 0.9751818 0.9428182 0.9530909 0.9543636 0.9390909 0.9656364 0.9223636
 [22] 0.9593636 0.9290000 0.9265455 0.9606364 0.9314545 0.9748182 0.9633636
 [29] 0.9100000 0.9702727 0.9191818 0.9822727 0.9253636 0.9305455 0.9244545
 [36] 0.9614545 0.9753636 0.9717273 0.9444545 0.9565455 0.9350909 0.8997273
 [43] 0.9574545 0.9253636 0.9705455 0.9495455 0.9093636 0.9645455 0.9150000
 [50] 0.8964545 0.9742727 0.9397273 0.9140000 0.9715455 0.9540000 0.9285455
 [57] 0.9607273 0.9480000 0.9544545 0.9934545 0.9396364 0.9283636 0.9413636
 [64] 0.9376364 0.9837273 0.9406364 0.9219091 0.9115455 0.9553636 0.9159091
 [71] 0.9638182 0.9837273 0.9672727 0.9792727 0.8943636 0.9852727 0.9777273
 [78] 0.8918182 0.9403636 0.9420909 0.9319091 0.9668182 0.9578182 0.9385455
 [85] 0.9733636 0.9191818 0.9501818 0.9532727 0.9203636 0.9739091 0.9685455
 [92] 0.9714545 0.9615455 0.9733636 0.9532727 0.9869091 0.9573636 0.9896364
 [99] 0.9653636 0.9515455 0.9790000 0.9320909 0.9812727 0.9545455 0.9487273
[106] 0.8635455 0.9590909 0.9847273 0.9517273 0.9653636 0.8527273 0.8945455
[113] 0.9634545 0.9615455 0.9976364 0.9740000 0.9532727 0.9767273 0.9088182
[120] 0.9607273 0.9583636 0.9390000 0.9759091 0.8860909 0.8890000 0.9360909
[127] 0.9322727 0.9113636 0.9149091 0.9543636 0.9217273 0.9494545 0.9158182
[134] 0.9979091 0.9331818 0.9474545 0.9770909 0.9948182 0.9467273 0.9688182
[141] 0.9583636 0.9031818 0.9290909 0.9458182 0.9425455 0.9700909 0.9113636
[148] 0.9508182 0.9163636 0.9082727 0.9742727 0.9329091 0.9630909 0.8849091
[155] 0.9520909 0.9647273 0.9025455 0.9557273 0.9536364 0.9029091 0.9651818
[162] 0.9824545 0.9471818 0.9733636 0.9716364 0.9846364 0.9008182 0.9500000
[169] 0.9439091 0.9147273 0.9749091 0.9654545 0.9600909 0.9152727 0.9609091
[176] 0.9602727 0.9297273 0.9392727 0.9761818 0.9087273 0.9792727 0.9558182
[183] 0.9262727 0.9537273 0.9023636 0.9896364 0.8657273 0.9430909 0.9311818
[190] 0.9132727 0.9786364 0.9424545 0.9362727 0.9743636 0.9646364 0.9268182
[197] 0.9699091 0.9522727 0.9766364 0.9893636 0.9281818 0.9912727 0.9616364
[204] 0.9337273 0.9559091 0.9335455 0.9878182 0.9497273 0.9477273 0.9183636
[211] 0.9657273 0.9370000 0.9870909 0.9937273 0.9891818 0.9590909 0.9625455
[218] 0.9339091 0.9681818 0.9288182 0.9545455 0.9469091 0.9520909 0.9605455
[225] 0.9560000 0.9329091 0.8995455 0.9755455 0.9730000 0.9334545 0.9298182
[232] 0.9716364 0.9917273 0.9731818 0.9692727 0.9780000 0.9599091 0.9037273
[239] 0.9471818 0.9571818 0.9354545 0.9908182 0.8997273 0.9583636 0.9518182
[246] 0.9488182 0.9547273 0.9568182 0.9785455 0.9437273 0.9550909 0.9430909
[253] 0.9749091 0.9761818 0.9870000 0.8697273 0.9118182 0.9408182 0.9581818
[260] 0.9105455 0.9729091 0.9635455 0.9180000 0.9481818 0.9426364 0.9691818
[267] 0.9529091 0.9670909 0.9130909 0.8952727 0.9764545 0.9678182 0.9647273
[274] 0.9228182 0.9698182 0.9916364 0.9610909 0.9475455 0.9096364 0.9603636
[281] 0.9680000 0.9361818 0.9679091 0.9304545 0.9062727 0.9159091 0.9320000
[288] 0.9742727 0.9138182 0.9888182 0.9336364 0.9230000 0.9199091 0.9360909
[295] 0.9765455 0.9422727 0.9796364 0.8902727 0.9593636 0.9656364 0.9297273
[302] 0.9342727 0.9827273 0.9445455 0.9507273 0.9333636 0.7964545 0.9458182
[309] 0.9209091 0.9313636 0.9228182 0.9651818 0.9437273 0.9230909 0.9392727
[316] 0.9404545 0.9529091 0.9742727 0.9199091 0.9322727 0.9150909 0.9395455
[323] 0.9645455 0.9550000 0.9686364 0.9494545 0.9572727 0.9628182 0.8190000
[330] 0.9260909 0.9471818 0.9582727 0.9917273 0.9404545 0.9440000 0.9336364
[337] 0.9481818 0.9497273 0.9147273 0.9608182 0.9253636 0.9647273 0.9611818
[344] 0.9165455 0.9342727 0.9486364 0.9200909 0.9774545 0.9539091 0.9279091
[351] 0.9188182 0.9781818 0.9493636 0.9814545 0.9526364 0.9695455 0.9508182
[358] 0.9480909 0.9248182 0.9913636 0.9987273 0.9064545 0.9540909 0.9198182
[365] 0.9570909 0.9646364 0.9589091 0.9319091 0.9841818 0.9418182 0.9490000
[372] 0.9614545 0.9360000 0.9748182 0.9846364 0.9699091 0.9559091 0.9699091
[379] 0.9078182 0.9736364 0.9725455 0.9134545 0.9582727 0.9725455 0.9214545
[386] 0.9834545 0.9646364 0.9690000 0.9503636 0.9368182 0.9431818 0.9589091
[393] 0.9561818 0.9464545 0.9412727 0.9619091 0.9561818 0.8732727 0.9847273
[400] 0.9672727 0.8639091 0.9143636 0.9642727 0.9835455 0.9660909 0.9677273
[407] 0.9670909 0.9296364 0.9647273 0.9087273 0.9658182 0.9562727 0.9269091
[414] 0.9560000 0.8973636 0.9325455 0.9665455 0.8906364 0.9548182 0.9605455
[421] 0.9093636 0.9510909 0.9374545 0.8958182 0.9246364 0.9377273 0.9198182
[428] 0.9726364 0.9620909 0.9899091 0.8931818 0.9372727 0.9557273 0.9380909
[435] 0.9370000 0.8529091 0.9730909 0.9326364 0.9556364 0.9776364 0.9710000
[442] 0.9697273 0.9722727 0.9583636 0.9498182 0.9850000 0.9181818 0.9794545
[449] 0.9223636 0.9657273 0.9436364 0.9021818 0.9130000 0.9340000 0.9751818
[456] 0.9126364 0.9222727 0.9478182 0.9569091 0.9540000 0.9300000 0.8942727
[463] 0.8987273 0.9593636 0.9582727 0.9686364 0.9339091 0.9284545 0.9632727
[470] 0.9583636 0.9747273 0.9212727 0.9461818 0.9696364 0.9657273 0.9574545
[477] 0.9142727 0.9709091 0.9599091 0.9884545 0.9360000 0.9301818 0.9358182
[484] 0.9282727 0.9665455 0.9283636 0.9317273 0.9377273 0.9414545 0.8990000
[491] 0.9611818 0.9256364 0.9680000 0.9753636 0.9889091 0.9818182 0.9523636
[498] 0.9682727 0.9912727 0.9430000

$PCD_vals_CXLS
  [1] 0.9097273 0.9085455 0.9666364 0.9471818 0.9882727 0.9300909 0.9253636
  [8] 0.9131818 0.9875455 0.9686364 0.9293636 0.9766364 0.9098182 0.9693636
 [15] 0.9459091 0.9533636 0.9624545 0.9469091 0.9680909 0.9638182 0.9608182
 [22] 0.9752727 0.9465455 0.9810909 0.9567273 0.9634545 0.9600909 0.9811818
 [29] 0.9695455 0.9091818 0.9600909 0.9724545 0.9470000 0.9544545 0.9132727
 [36] 0.9498182 0.9620000 0.9710909 0.9589091 0.9544545 0.9146364 0.9519091
 [43] 0.9270909 0.9298182 0.9666364 0.9652727 0.8905455 0.9631818 0.9230000
 [50] 0.9101818 0.9284545 0.9128182 0.9328182 0.9740909 0.9618182 0.9618182
 [57] 0.9714545 0.9244545 0.9470909 0.9699091 0.9830000 0.9840909 0.9758182
 [64] 0.9831818 0.9751818 0.9250000 0.9820000 0.9577273 0.9898182 0.9181818
 [71] 0.9678182 0.9674545 0.9578182 0.9885455 0.9255455 0.9967273 0.9382727
 [78] 0.9255455 0.9690909 0.9903636 0.9667273 0.9385455 0.9692727 0.9633636
 [85] 0.9886364 0.9417273 0.9372727 0.9639091 0.9627273 0.9521818 0.9619091
 [92] 0.9830909 0.9679091 0.9641818 0.9476364 0.9400000 0.9695455 0.9540000
 [99] 0.9604545 0.9821818 0.9964545 0.9330000 0.9786364 0.9794545 0.9470909
[106] 0.8963636 0.9681818 0.9763636 0.9862727 0.9673636 0.9394545 0.9398182
[113] 0.9378182 0.9361818 0.9605455 0.9719091 0.9705455 0.9427273 0.9587273
[120] 0.9311818 0.9658182 0.9023636 0.9587273 0.9019091 0.9423636 0.9404545
[127] 0.9621818 0.9612727 0.9409091 0.9446364 0.9218182 0.9590000 0.9601818
[134] 0.9609091 0.9550909 0.9892727 0.9898182 0.9430909 0.9865455 0.9514545
[141] 0.9808182 0.9376364 0.9761818 0.9800000 0.9832727 0.9836364 0.9344545
[148] 0.9557273 0.9440909 0.9530000 0.9938182 0.9170909 0.9660000 0.9354545
[155] 0.9612727 0.9821818 0.9245455 0.9630000 0.9801818 0.9303636 0.9861818
[162] 0.9928182 0.9687273 0.9775455 0.9528182 0.9602727 0.9364545 0.9938182
[169] 0.9443636 0.9302727 0.9845455 0.9693636 0.9593636 0.9500909 0.9859091
[176] 0.9913636 0.9662727 0.9420909 0.9616364 0.9758182 0.9778182 0.9689091
[183] 0.9242727 0.9747273 0.9585455 0.9633636 0.9236364 0.9485455 0.8895455
[190] 0.9579091 0.9189091 0.9534545 0.9778182 0.9615455 0.9518182 0.9847273
[197] 0.9889091 0.9712727 0.9959091 0.9588182 0.9176364 0.9490000 0.9433636
[204] 0.9590909 0.9775455 0.9540000 0.9611818 0.9780909 0.9895455 0.9437273
[211] 0.9796364 0.9560000 0.9514545 0.9565455 0.9570909 0.9731818 0.9780909
[218] 0.9530000 0.9673636 0.9791818 0.9846364 0.9769091 0.9753636 0.9391818
[225] 0.9731818 0.9265455 0.9476364 0.9856364 0.9546364 0.9649091 0.9570909
[232] 0.9423636 0.9485455 0.9908182 0.9565455 0.9084545 0.9544545 0.9193636
[239] 0.9269091 0.9943636 0.9429091 0.8733636 0.9576364 0.9830909 0.9909091
[246] 0.9710909 0.9780000 0.9437273 0.9649091 0.9689091 0.9314545 0.9937273
[253] 0.9631818 0.9640909 0.9795455 0.9233636 0.9607273 0.9695455 0.9480000
[260] 0.9486364 0.9370909 0.9930909 0.9135455 0.9720000 0.9658182 0.9887273
[267] 0.9501818 0.9835455 0.9252727 0.9241818 0.9470000 0.9737273 0.9415455
[274] 0.8743636 0.9813636 0.9647273 0.9880000 0.9891818 0.9461818 0.9425455
[281] 0.9517273 0.9274545 0.9521818 0.9376364 0.9237273 0.9550000 0.9469091
[288] 0.9914545 0.9656364 0.9857273 0.9253636 0.9735455 0.9325455 0.9193636
[295] 0.9636364 0.9464545 0.9500909 0.9427273 0.9891818 0.9593636 0.9462727
[302] 0.9418182 0.9742727 0.9376364 0.9403636 0.9520000 0.8860909 0.9548182
[309] 0.9580000 0.9595455 0.9292727 0.9843636 0.9400909 0.9541818 0.9717273
[316] 0.9767273 0.9687273 0.9794545 0.9363636 0.9322727 0.9329091 0.9110909
[323] 0.9506364 0.9478182 0.9685455 0.9656364 0.9433636 0.9697273 0.9170000
[330] 0.9580909 0.9576364 0.9860000 0.9944545 0.9317273 0.9714545 0.9605455
[337] 0.9923636 0.9697273 0.9531818 0.9650000 0.9364545 0.9549091 0.9534545
[344] 0.9314545 0.9358182 0.9156364 0.9510909 0.9775455 0.9821818 0.9722727
[351] 0.9197273 0.9606364 0.9961818 0.9889091 0.9810909 0.9963636 0.9348182
[358] 0.9711818 0.9246364 0.9690909 0.9780000 0.9050000 0.9578182 0.9480000
[365] 0.9705455 0.9762727 0.9606364 0.9641818 0.9908182 0.9659091 0.9231818
[372] 0.9711818 0.9930909 0.9484545 0.9712727 0.9754545 0.9878182 0.9746364
[379] 0.9409091 0.9791818 0.9750000 0.9444545 0.9758182 0.9764545 0.9371818
[386] 0.9694545 0.9686364 0.9900909 0.9597273 0.9373636 0.9570000 0.9824545
[393] 0.9775455 0.9840000 0.9590909 0.9791818 0.9825455 0.9097273 0.9797273
[400] 0.9642727 0.8933636 0.9524545 0.9782727 0.9647273 0.9583636 0.9565455
[407] 0.9501818 0.9328182 0.9151818 0.9364545 0.9777273 0.9870000 0.9715455
[414] 0.9849091 0.9452727 0.9648182 0.9673636 0.9274545 0.9139091 0.9491818
[421] 0.9295455 0.9407273 0.9000000 0.9106364 0.9728182 0.9529091 0.9390909
[428] 0.9604545 0.9846364 0.9643636 0.8457273 0.9415455 0.9500909 0.9767273
[435] 0.9756364 0.9015455 0.9187273 0.9372727 0.9271818 0.9583636 0.9861818
[442] 0.9651818 0.9721818 0.9602727 0.9040000 0.9871818 0.9180909 0.9832727
[449] 0.9479091 0.9780000 0.9790909 0.8968182 0.9612727 0.9413636 0.9914545
[456] 0.9614545 0.9499091 0.9926364 0.9793636 0.9716364 0.9338182 0.9054545
[463] 0.9150909 0.9692727 0.9835455 0.9751818 0.9454545 0.9712727 0.9841818
[470] 0.9630000 0.9694545 0.9296364 0.9462727 0.9835455 0.9525455 0.9552727
[477] 0.8803636 0.9450909 0.9650909 0.9720000 0.9749091 0.9245455 0.9703636
[484] 0.8997273 0.9590000 0.9980000 0.9540909 0.9569091 0.9408182 0.9970000
[491] 0.9385455 0.9576364 0.9422727 0.9578182 0.9789091 0.9762727 0.9880909
[498] 0.9607273 0.9898182 0.9788182

$PCD_vals_oLS
  [1] 0.8790909 0.5990909 0.8977273 0.9713636 0.9817273 0.8940909 0.8854545
  [8] 0.8958182 0.9741818 0.9310000 0.8437273 0.8736364 0.8889091 0.8887273
 [15] 0.9273636 0.9730909 0.9707273 0.9767273 0.9415455 0.9654545 0.9359091
 [22] 0.9516364 0.9176364 0.9050000 0.9045455 0.9438182 0.9036364 0.9117273
 [29] 0.9297273 0.8749091 0.8602727 0.9443636 0.9241818 0.8664545 0.8001818
 [36] 0.9253636 0.8126364 0.9536364 0.8506364 0.9725455 0.7603636 0.9270000
 [43] 0.9390909 0.8044545 0.9845455 0.9060000 0.8443636 0.9070000 0.8047273
 [50] 0.9149091 0.9363636 0.9570000 0.9606364 0.9095455 0.9016364 0.8792727
 [57] 0.9046364 0.9646364 0.9227273 0.9551818 0.8628182 0.9663636 0.9427273
 [64] 0.9623636 0.8419091 0.8493636 0.9524545 0.9194545 0.9297273 0.8536364
 [71] 0.9872727 0.9363636 0.9442727 0.9010909 0.9536364 0.9857273 0.8973636
 [78] 0.9331818 0.7809091 0.7823636 0.9381818 0.8846364 0.8370909 0.9348182
 [85] 0.9341818 0.8624545 0.5024545 0.9580000 0.8527273 0.9222727 0.9814545
 [92] 0.9750909 0.9147273 0.9239091 0.9420000 0.9297273 0.8872727 0.9555455
 [99] 0.9559091 0.9562727 0.9468182 0.9041818 0.9307273 0.9634545 0.9304545
[106] 0.8829091 0.9810909 0.8378182 0.9655455 0.9527273 0.9037273 0.5867273
[113] 0.9572727 0.9351818 0.9533636 0.9207273 0.9658182 0.9379091 0.8174545
[120] 0.9052727 0.9217273 0.8295455 0.9864545 0.8156364 0.9056364 0.9527273
[127] 0.9133636 0.8312727 0.9103636 0.9312727 0.9407273 0.9187273 0.9590000
[134] 0.9222727 0.7511818 0.9210909 0.9142727 0.9420000 0.9614545 0.9156364
[141] 0.9181818 0.8521818 0.9318182 0.9510909 0.9134545 0.9707273 0.8807273
[148] 0.9289091 0.9524545 0.9495455 0.9591818 0.9176364 0.8962727 0.9345455
[155] 0.9040000 0.9603636 0.9444545 0.9512727 0.9426364 0.9230909 0.9220909
[162] 0.9374545 0.9237273 0.9408182 0.9285455 0.9062727 0.9490000 0.9307273
[169] 0.9263636 0.6229091 0.9456364 0.9374545 0.9715455 0.8518182 0.9278182
[176] 0.9144545 0.9633636 0.6183636 0.9464545 0.9832727 0.9052727 0.9330909
[183] 0.8947273 0.9070000 0.8944545 0.8541818 0.6439091 0.8760909 0.9060000
[190] 0.6834545 0.7592727 0.9302727 0.9030909 0.9309091 0.8950000 0.9640909
[197] 0.9662727 0.9590000 0.9458182 0.9345455 0.8416364 0.9228182 0.9183636
[204] 0.9431818 0.9668182 0.8677273 0.9227273 0.9268182 0.9688182 0.8634545
[211] 0.9288182 0.9789091 0.9545455 0.9257273 0.8749091 0.9719091 0.8950909
[218] 0.9186364 0.9918182 0.9487273 0.9464545 0.9438182 0.9199091 0.9467273
[225] 0.9733636 0.9166364 0.9092727 0.8890909 0.8954545 0.6647273 0.9638182
[232] 0.9480000 0.9389091 0.9586364 0.8805455 0.9050000 0.9394545 0.8376364
[239] 0.9053636 0.8069091 0.9092727 0.9457273 0.9820000 0.9379091 0.9378182
[246] 0.9825455 0.9305455 0.9277273 0.9490909 0.9410909 0.9069091 0.9077273
[253] 0.8939091 0.8846364 0.9321818 0.9309091 0.9081818 0.9210000 0.8951818
[260] 0.8720909 0.9610909 0.9910909 0.9713636 0.9142727 0.9646364 0.9816364
[267] 0.9245455 0.9139091 0.8472727 0.8898182 0.9523636 0.9300909 0.9205455
[274] 0.9155455 0.8810000 0.9896364 0.9464545 0.9000000 0.9834545 0.9580909
[281] 0.9049091 0.9264545 0.9167273 0.9185455 0.9130909 0.9026364 0.8939091
[288] 0.9550000 0.9547273 0.9256364 0.9689091 0.9442727 0.8961818 0.9067273
[295] 0.9741818 0.9534545 0.8843636 0.8840909 0.9480909 0.9198182 0.9283636
[302] 0.9510000 0.9378182 0.9136364 0.9560909 0.9460000 0.6030000 0.9757273
[309] 0.9140909 0.9676364 0.8966364 0.9506364 0.9248182 0.9552727 0.9175455
[316] 0.8009091 0.9695455 0.9141818 0.9067273 0.9039091 0.9273636 0.9070909
[323] 0.8578182 0.9387273 0.9314545 0.9654545 0.9916364 0.9308182 0.7966364
[330] 0.8339091 0.8991818 0.9179091 0.9226364 0.9439091 0.9129091 0.8592727
[337] 0.9011818 0.9535455 0.9111818 0.9725455 0.7797273 0.9365455 0.8907273
[344] 0.9219091 0.9336364 0.9213636 0.9007273 0.9006364 0.9484545 0.9149091
[351] 0.9327273 0.8831818 0.9039091 0.9560000 0.9430000 0.9546364 0.8994545
[358] 0.9791818 0.8850000 0.8860000 0.8939091 0.9320909 0.9880909 0.9541818
[365] 0.9326364 0.9411818 0.9238182 0.9106364 0.9557273 0.9823636 0.9105455
[372] 0.9544545 0.8950000 0.9790909 0.9312727 0.8871818 0.9079091 0.9572727
[379] 0.8850909 0.9437273 0.9211818 0.9360909 0.9562727 0.9029091 0.9453636
[386] 0.8897273 0.9371818 0.9218182 0.8872727 0.8001818 0.9470909 0.9219091
[393] 0.9371818 0.9259091 0.9056364 0.9575455 0.9570000 0.9247273 0.9510909
[400] 0.9350000 0.7696364 0.8840000 0.9813636 0.8369091 0.8425455 0.9730000
[407] 0.6513636 0.9070000 0.9200909 0.9190000 0.9323636 0.9479091 0.8939091
[414] 0.9715455 0.9035455 0.9314545 0.9630909 0.9137273 0.9122727 0.8240909
[421] 0.9554545 0.9553636 0.8896364 0.8708182 0.9641818 0.9272727 0.9567273
[428] 0.9008182 0.9174545 0.9889091 0.8249091 0.9728182 0.9190000 0.8417273
[435] 0.8794545 0.7680000 0.9091818 0.9355455 0.8709091 0.9370000 0.9470909
[442] 0.9188182 0.9435455 0.9649091 0.9052727 0.9104545 0.9664545 0.9037273
[449] 0.9769091 0.9546364 0.9777273 0.5798182 0.8909091 0.9310000 0.9608182
[456] 0.8714545 0.9414545 0.8127273 0.9056364 0.9412727 0.9230000 0.9530000
[463] 0.8904545 0.9661818 0.9369091 0.9635455 0.9106364 0.9173636 0.8796364
[470] 0.9571818 0.9595455 0.9112727 0.9302727 0.9508182 0.9701818 0.9111818
[477] 0.7300909 0.9694545 0.9550909 0.9442727 0.8601818 0.8575455 0.9635455
[484] 0.9093636 0.9454545 0.7988182 0.8804545 0.8254545 0.9665455 0.7950909
[491] 0.9480909 0.9175455 0.9689091 0.9855455 0.9624545 0.9640000 0.9610909
[498] 0.9575455 0.9628182 0.8689091

$V_RF
  [1] 0.9929050 0.9898355 0.9929052 0.9928950 0.9929051 0.9914715 0.9926251
  [8] 0.9924384 0.9929044 0.9921675 0.9926888 0.9927008 0.9929053 0.9929053
 [15] 0.9929026 0.9928669 0.9928741 0.9928662 0.9928211 0.9928959 0.9925945
 [22] 0.9928974 0.9928313 0.9926893 0.9928871 0.9927297 0.9929041 0.9928955
 [29] 0.9924114 0.9928992 0.9927195 0.9929052 0.9927773 0.9928764 0.9927790
 [36] 0.9928920 0.9929024 0.9929007 0.9928534 0.9928695 0.9927807 0.9922519
 [43] 0.9928819 0.9928565 0.9928996 0.9928221 0.9923100 0.9929036 0.9927346
 [50] 0.9920353 0.9929017 0.9928040 0.9928587 0.9929001 0.9928827 0.9926827
 [57] 0.9929004 0.9928944 0.9928656 0.9929053 0.9927967 0.9928743 0.9928026
 [64] 0.9928038 0.9929047 0.9928701 0.9928249 0.9928258 0.9928699 0.9928416
 [71] 0.9928925 0.9929050 0.9928928 0.9929040 0.9924277 0.9929049 0.9929033
 [78] 0.9922211 0.9928117 0.9928811 0.9927453 0.9929040 0.9928712 0.9927685
 [85] 0.9929023 0.9928409 0.9928817 0.9928653 0.9925864 0.9929032 0.9928963
 [92] 0.9929025 0.9929014 0.9928967 0.9928886 0.9929053 0.9928699 0.9929053
 [99] 0.9928954 0.9928508 0.9929033 0.9928684 0.9929047 0.9928723 0.9928858
[106] 0.9903470 0.9928881 0.9929048 0.9928664 0.9928951 0.9891939 0.9925963
[113] 0.9928924 0.9928911 0.9929053 0.9929038 0.9928715 0.9929016 0.9927806
[120] 0.9928822 0.9928762 0.9928218 0.9929022 0.9925719 0.9922546 0.9927957
[127] 0.9927299 0.9924198 0.9924614 0.9928698 0.9928251 0.9928911 0.9925064
[134] 0.9929053 0.9927472 0.9928657 0.9929038 0.9929053 0.9928312 0.9929008
[141] 0.9928730 0.9927858 0.9927092 0.9928426 0.9928005 0.9928987 0.9925410
[148] 0.9928663 0.9925278 0.9922894 0.9929026 0.9928784 0.9928950 0.9912642
[155] 0.9928832 0.9928936 0.9921984 0.9928712 0.9929001 0.9922358 0.9928900
[162] 0.9929051 0.9928534 0.9929026 0.9929030 0.9929048 0.9923919 0.9928578
[169] 0.9928665 0.9928522 0.9929050 0.9928998 0.9928817 0.9925979 0.9928852
[176] 0.9928835 0.9927333 0.9928884 0.9929021 0.9923469 0.9929045 0.9928794
[183] 0.9928610 0.9928804 0.9927680 0.9929052 0.9916137 0.9928483 0.9927216
[190] 0.9924860 0.9929052 0.9928270 0.9927484 0.9929046 0.9928947 0.9928621
[197] 0.9928987 0.9928563 0.9929047 0.9929053 0.9926251 0.9929053 0.9928904
[204] 0.9927622 0.9928654 0.9927406 0.9929052 0.9928502 0.9928613 0.9926327
[211] 0.9928974 0.9928633 0.9929051 0.9929053 0.9929052 0.9928824 0.9928947
[218] 0.9927551 0.9928980 0.9926989 0.9928622 0.9928375 0.9928663 0.9928840
[225] 0.9928714 0.9928798 0.9918835 0.9929035 0.9929017 0.9927819 0.9926898
[232] 0.9929000 0.9929053 0.9929045 0.9929034 0.9929029 0.9928899 0.9921875
[239] 0.9928620 0.9928827 0.9928506 0.9929053 0.9918991 0.9928987 0.9928457
[246] 0.9928479 0.9928606 0.9929013 0.9929040 0.9928399 0.9928773 0.9928150
[253] 0.9929029 0.9929038 0.9929047 0.9923283 0.9923718 0.9927933 0.9928655
[260] 0.9925831 0.9929024 0.9928926 0.9928562 0.9928522 0.9927884 0.9928992
[267] 0.9928812 0.9928934 0.9927094 0.9920485 0.9929029 0.9928958 0.9928899
[274] 0.9926076 0.9929000 0.9929052 0.9928860 0.9928391 0.9923835 0.9929026
[281] 0.9929019 0.9928689 0.9929007 0.9928660 0.9922012 0.9927538 0.9928799
[288] 0.9929022 0.9924182 0.9929052 0.9927602 0.9926518 0.9925405 0.9927598
[295] 0.9929047 0.9927961 0.9929036 0.9918405 0.9928814 0.9928937 0.9926969
[302] 0.9928129 0.9929045 0.9928898 0.9928802 0.9928827 0.9897310 0.9928515
[309] 0.9926589 0.9927358 0.9926156 0.9928965 0.9928954 0.9925602 0.9928579
[316] 0.9928855 0.9928595 0.9929011 0.9927260 0.9928735 0.9927614 0.9927683
[323] 0.9928985 0.9928764 0.9928940 0.9928837 0.9928996 0.9929031 0.9914426
[330] 0.9926100 0.9928391 0.9929007 0.9929053 0.9927906 0.9928045 0.9928756
[337] 0.9928609 0.9928971 0.9924563 0.9928840 0.9926699 0.9929038 0.9929030
[344] 0.9928269 0.9928834 0.9928524 0.9925942 0.9929032 0.9928720 0.9926410
[351] 0.9926161 0.9929035 0.9928551 0.9929044 0.9928703 0.9928972 0.9928952
[358] 0.9928466 0.9926372 0.9929053 0.9929053 0.9927338 0.9928760 0.9926499
[365] 0.9928835 0.9928973 0.9928965 0.9928641 0.9929049 0.9928707 0.9928597
[372] 0.9928903 0.9927881 0.9929018 0.9929047 0.9928984 0.9928762 0.9928971
[379] 0.9922999 0.9929014 0.9929018 0.9924571 0.9928844 0.9929008 0.9925913
[386] 0.9929047 0.9928923 0.9929002 0.9928694 0.9928821 0.9928375 0.9928871
[393] 0.9928797 0.9928361 0.9928071 0.9928914 0.9928990 0.9908108 0.9929053
[400] 0.9929024 0.9917987 0.9924972 0.9928955 0.9929047 0.9929040 0.9928953
[407] 0.9929039 0.9928625 0.9928870 0.9922910 0.9928936 0.9928746 0.9928345
[414] 0.9928810 0.9918913 0.9927399 0.9928945 0.9926313 0.9928727 0.9928895
[421] 0.9925774 0.9928751 0.9928703 0.9927723 0.9926624 0.9928122 0.9927588
[428] 0.9928974 0.9928872 0.9929052 0.9917983 0.9927935 0.9928822 0.9927888
[435] 0.9927740 0.9914545 0.9929041 0.9927223 0.9928973 0.9929048 0.9929004
[442] 0.9928992 0.9929039 0.9928848 0.9928889 0.9929053 0.9926093 0.9929047
[449] 0.9928439 0.9928967 0.9928092 0.9921952 0.9924840 0.9927451 0.9929015
[456] 0.9926702 0.9926311 0.9928943 0.9928825 0.9928503 0.9928583 0.9918017
[463] 0.9921483 0.9928779 0.9928913 0.9929043 0.9927987 0.9927378 0.9928905
[470] 0.9928816 0.9929038 0.9927185 0.9928330 0.9929002 0.9929008 0.9928913
[477] 0.9925103 0.9929023 0.9928888 0.9929052 0.9927938 0.9928735 0.9928508
[484] 0.9927069 0.9929022 0.9926796 0.9927456 0.9927701 0.9928253 0.9920975
[491] 0.9928849 0.9926588 0.9929007 0.9929034 0.9929053 0.9929042 0.9928633
[498] 0.9928985 0.9929053 0.9928254

$V_CXLS
  [1] 0.9923578 0.9924392 0.9928935 0.9928398 0.9929052 0.9927427 0.9928296
  [8] 0.9927032 0.9929051 0.9928984 0.9928614 0.9929050 0.9924585 0.9928964
 [15] 0.9928364 0.9928694 0.9928939 0.9928556 0.9928979 0.9929019 0.9928862
 [22] 0.9929046 0.9928661 0.9929046 0.9928850 0.9928948 0.9928763 0.9929046
 [29] 0.9928997 0.9924197 0.9928841 0.9929012 0.9928851 0.9929001 0.9924190
 [36] 0.9928722 0.9928934 0.9929037 0.9928923 0.9928993 0.9928076 0.9928745
 [43] 0.9926575 0.9928029 0.9929000 0.9928879 0.9917042 0.9928884 0.9928679
 [50] 0.9924286 0.9927120 0.9924525 0.9928855 0.9928996 0.9928945 0.9928856
 [57] 0.9929001 0.9928563 0.9928334 0.9929029 0.9929047 0.9929049 0.9929033
 [64] 0.9929051 0.9929047 0.9928321 0.9929047 0.9928980 0.9929053 0.9928194
 [71] 0.9929035 0.9928970 0.9928782 0.9929052 0.9927249 0.9929053 0.9927866
 [78] 0.9928610 0.9928991 0.9929052 0.9929037 0.9928132 0.9929011 0.9928998
 [85] 0.9929053 0.9928596 0.9927935 0.9928964 0.9928967 0.9928859 0.9928845
 [92] 0.9929047 0.9929026 0.9928803 0.9928329 0.9927803 0.9928976 0.9928580
 [99] 0.9928863 0.9929040 0.9929053 0.9927697 0.9929038 0.9929041 0.9928933
[106] 0.9927477 0.9929022 0.9929045 0.9929053 0.9929037 0.9928039 0.9928916
[113] 0.9927800 0.9927704 0.9929006 0.9929036 0.9929043 0.9927981 0.9928865
[120] 0.9927488 0.9928964 0.9921197 0.9928997 0.9927796 0.9928650 0.9928318
[127] 0.9928919 0.9928907 0.9927998 0.9928234 0.9927836 0.9929019 0.9928852
[134] 0.9928903 0.9928734 0.9929053 0.9929052 0.9928250 0.9929050 0.9929008
[141] 0.9929040 0.9928669 0.9929035 0.9929050 0.9929051 0.9929052 0.9928592
[148] 0.9928979 0.9928863 0.9928587 0.9929053 0.9925689 0.9929029 0.9927374
[155] 0.9928899 0.9929045 0.9926833 0.9929010 0.9929047 0.9926979 0.9929052
[162] 0.9929053 0.9928972 0.9929048 0.9928927 0.9928789 0.9928744 0.9929053
[169] 0.9928709 0.9928275 0.9929051 0.9929027 0.9929013 0.9928982 0.9929052
[176] 0.9929053 0.9929034 0.9928903 0.9928824 0.9929026 0.9929030 0.9929045
[183] 0.9927634 0.9929037 0.9928944 0.9928862 0.9928400 0.9928758 0.9916560
[190] 0.9929020 0.9925900 0.9928622 0.9929049 0.9928818 0.9928617 0.9929052
[197] 0.9929052 0.9929045 0.9929053 0.9928821 0.9924475 0.9928332 0.9928976
[204] 0.9928854 0.9929043 0.9928868 0.9928812 0.9929050 0.9929052 0.9928315
[211] 0.9929034 0.9928896 0.9928535 0.9928794 0.9928709 0.9929047 0.9929048
[218] 0.9928964 0.9929009 0.9929044 0.9929050 0.9929036 0.9929024 0.9927766
[225] 0.9929035 0.9928476 0.9928259 0.9929051 0.9928784 0.9929029 0.9928793
[232] 0.9928392 0.9928378 0.9929053 0.9928738 0.9922754 0.9928830 0.9925589
[239] 0.9927419 0.9929053 0.9928587 0.9910194 0.9928703 0.9929044 0.9929053
[246] 0.9929028 0.9929050 0.9928272 0.9928982 0.9929021 0.9926935 0.9929053
[253] 0.9928921 0.9929035 0.9929048 0.9928676 0.9928805 0.9928960 0.9928612
[260] 0.9928632 0.9927818 0.9929053 0.9924156 0.9929034 0.9928931 0.9929053
[267] 0.9928987 0.9929052 0.9926796 0.9926421 0.9928257 0.9929022 0.9928002
[274] 0.9908194 0.9929043 0.9928880 0.9929052 0.9929053 0.9928326 0.9928805
[281] 0.9928586 0.9927585 0.9928628 0.9928613 0.9926222 0.9929007 0.9928508
[288] 0.9929053 0.9928907 0.9929050 0.9926593 0.9929023 0.9927392 0.9925205
[295] 0.9929037 0.9928377 0.9928569 0.9928636 0.9929052 0.9928862 0.9928447
[302] 0.9928142 0.9929035 0.9928182 0.9928469 0.9928732 0.9918438 0.9929003
[309] 0.9928965 0.9928860 0.9926963 0.9929047 0.9928049 0.9928919 0.9929046
[316] 0.9929050 0.9928934 0.9929050 0.9928593 0.9927333 0.9928068 0.9923945
[323] 0.9928548 0.9928420 0.9929014 0.9929026 0.9928211 0.9928993 0.9926145
[330] 0.9928799 0.9928861 0.9929052 0.9929053 0.9927047 0.9928992 0.9928957
[337] 0.9929053 0.9929031 0.9929017 0.9928930 0.9927653 0.9928881 0.9928708
[344] 0.9928265 0.9928144 0.9924648 0.9928955 0.9929035 0.9929047 0.9929044
[351] 0.9926169 0.9928778 0.9929053 0.9929051 0.9929043 0.9929053 0.9927969
[358] 0.9929042 0.9926333 0.9928969 0.9929033 0.9926423 0.9928936 0.9928856
[365] 0.9929019 0.9929041 0.9928991 0.9929024 0.9929052 0.9928942 0.9925899
[372] 0.9929024 0.9929053 0.9928470 0.9928990 0.9929024 0.9929052 0.9929017
[379] 0.9928278 0.9929048 0.9929029 0.9928237 0.9929022 0.9929035 0.9927838
[386] 0.9928966 0.9929039 0.9929052 0.9928961 0.9928391 0.9928989 0.9929043
[393] 0.9929035 0.9929050 0.9928805 0.9929051 0.9929050 0.9924594 0.9929037
[400] 0.9928935 0.9927264 0.9928774 0.9929030 0.9929005 0.9928849 0.9928772
[407] 0.9928297 0.9928026 0.9923592 0.9927755 0.9929025 0.9929053 0.9929040
[414] 0.9929048 0.9928204 0.9928962 0.9928959 0.9928307 0.9924266 0.9928639
[421] 0.9928731 0.9928029 0.9926491 0.9926929 0.9929037 0.9928668 0.9928869
[428] 0.9928729 0.9929052 0.9928906 0.9885607 0.9928814 0.9928667 0.9929028
[435] 0.9929020 0.9924523 0.9924902 0.9927661 0.9927301 0.9928775 0.9929051
[442] 0.9928890 0.9929043 0.9928943 0.9923870 0.9929051 0.9926608 0.9929050
[449] 0.9928838 0.9929030 0.9929038 0.9920867 0.9929014 0.9928180 0.9929053
[456] 0.9929027 0.9928604 0.9929053 0.9929049 0.9929039 0.9928835 0.9922145
[463] 0.9925775 0.9928946 0.9929046 0.9929021 0.9928952 0.9929026 0.9929052
[470] 0.9929026 0.9929039 0.9928618 0.9928332 0.9929051 0.9928989 0.9928906
[477] 0.9911880 0.9928667 0.9929020 0.9929028 0.9929033 0.9926551 0.9929001
[484] 0.9922374 0.9928865 0.9929053 0.9929008 0.9928905 0.9928145 0.9929053
[491] 0.9927941 0.9929010 0.9928392 0.9929022 0.9929044 0.9929041 0.9929051
[498] 0.9928860 0.9929053 0.9929040

$V_OLS
  [1] 0.9924781 0.9170824 0.9919261 0.9928996 0.9929047 0.9920139 0.9915374
  [8] 0.9924010 0.9929036 0.9927149 0.9903285 0.9918222 0.9917860 0.9914988
 [15] 0.9926839 0.9929033 0.9929009 0.9929035 0.9928338 0.9928971 0.9927721
 [22] 0.9928571 0.9928317 0.9922533 0.9922424 0.9928252 0.9922617 0.9924347
 [29] 0.9927609 0.9908856 0.9921101 0.9928236 0.9927101 0.9925042 0.9826726
 [36] 0.9925578 0.9840526 0.9928691 0.9912073 0.9929002 0.9821279 0.9928008
 [43] 0.9927842 0.9829677 0.9929046 0.9922146 0.9889507 0.9920916 0.9903665
 [50] 0.9925758 0.9928874 0.9928824 0.9928984 0.9922873 0.9927355 0.9914751
 [57] 0.9922562 0.9928880 0.9925996 0.9928829 0.9907908 0.9928965 0.9928491
 [64] 0.9929033 0.9896402 0.9922438 0.9928913 0.9927760 0.9928705 0.9921352
 [71] 0.9929053 0.9927363 0.9928217 0.9926848 0.9928696 0.9929048 0.9919587
 [78] 0.9928036 0.9849863 0.9875248 0.9928850 0.9918542 0.9902034 0.9927439
 [85] 0.9928772 0.9894027 0.7662100 0.9928798 0.9887840 0.9927579 0.9929051
 [92] 0.9929025 0.9924765 0.9925426 0.9928043 0.9926624 0.9918983 0.9928820
 [99] 0.9928789 0.9928901 0.9928653 0.9922515 0.9927203 0.9929033 0.9928560
[106] 0.9918737 0.9929047 0.9871894 0.9928966 0.9928948 0.9921221 0.8523244
[113] 0.9928955 0.9927913 0.9928843 0.9925848 0.9928954 0.9927583 0.9909641
[120] 0.9922466 0.9926159 0.9853616 0.9929052 0.9913651 0.9924230 0.9928680
[127] 0.9924211 0.9895331 0.9924137 0.9927494 0.9928763 0.9927228 0.9928959
[134] 0.9927059 0.9759116 0.9926661 0.9922739 0.9928115 0.9928989 0.9928344
[141] 0.9924571 0.9904822 0.9927557 0.9928624 0.9924934 0.9929044 0.9924054
[148] 0.9928628 0.9928991 0.9928965 0.9928829 0.9925582 0.9927511 0.9927322
[155] 0.9922396 0.9928800 0.9928767 0.9928912 0.9928483 0.9926355 0.9926193
[162] 0.9928802 0.9926550 0.9928048 0.9926914 0.9922155 0.9928858 0.9928233
[169] 0.9928131 0.9560413 0.9928850 0.9928498 0.9928985 0.9890451 0.9928725
[176] 0.9925401 0.9928961 0.8798522 0.9928225 0.9929045 0.9920963 0.9928839
[183] 0.9926543 0.9926874 0.9925004 0.9894899 0.9268734 0.9913749 0.9923264
[190] 0.9761875 0.9880075 0.9926781 0.9926521 0.9927281 0.9919118 0.9928959
[197] 0.9928975 0.9928949 0.9928771 0.9927927 0.9879875 0.9925431 0.9926583
[204] 0.9928393 0.9928990 0.9902733 0.9925593 0.9928471 0.9929046 0.9902913
[211] 0.9927018 0.9929042 0.9928634 0.9928167 0.9906291 0.9929044 0.9917236
[218] 0.9927071 0.9929053 0.9928756 0.9928206 0.9928322 0.9926940 0.9928606
[225] 0.9929048 0.9927249 0.9925735 0.9920719 0.9919281 0.9722564 0.9928870
[232] 0.9928359 0.9927953 0.9928759 0.9911590 0.9921678 0.9928796 0.9877684
[239] 0.9926533 0.9902099 0.9925498 0.9928702 0.9929041 0.9927623 0.9927837
[246] 0.9929052 0.9927875 0.9926007 0.9928950 0.9928081 0.9922498 0.9923880
[253] 0.9919229 0.9926879 0.9927498 0.9928760 0.9925772 0.9925813 0.9915660
[260] 0.9911668 0.9929022 0.9929053 0.9929001 0.9925332 0.9929032 0.9929044
[267] 0.9926060 0.9928355 0.9897218 0.9917216 0.9928736 0.9926691 0.9926172
[274] 0.9925115 0.9913878 0.9929052 0.9928837 0.9921684 0.9929047 0.9928984
[281] 0.9921551 0.9927876 0.9923562 0.9925677 0.9926914 0.9923220 0.9921375
[288] 0.9928740 0.9928973 0.9927519 0.9928984 0.9928454 0.9926613 0.9922372
[295] 0.9929019 0.9928978 0.9911101 0.9925827 0.9928444 0.9926673 0.9926774
[302] 0.9928509 0.9928634 0.9927383 0.9928901 0.9928769 0.9435996 0.9929032
[309] 0.9925394 0.9928951 0.9927600 0.9928610 0.9927252 0.9928689 0.9926724
[316] 0.9907070 0.9929008 0.9926391 0.9927712 0.9922559 0.9927719 0.9922145
[323] 0.9891897 0.9927700 0.9927219 0.9929029 0.9929053 0.9927996 0.9813449
[330] 0.9868020 0.9920196 0.9925904 0.9928585 0.9928271 0.9928266 0.9907227
[337] 0.9925246 0.9928758 0.9924619 0.9929045 0.9752222 0.9928768 0.9919931
[344] 0.9927744 0.9927776 0.9925709 0.9924802 0.9918868 0.9928287 0.9925137
[351] 0.9927533 0.9912677 0.9921523 0.9928740 0.9928098 0.9928879 0.9923552
[358] 0.9929038 0.9913943 0.9917437 0.9919004 0.9927214 0.9929052 0.9928816
[365] 0.9928242 0.9928247 0.9926277 0.9925248 0.9928981 0.9929052 0.9922717
[372] 0.9928826 0.9923730 0.9929039 0.9928398 0.9918815 0.9923221 0.9928975
[379] 0.9915841 0.9928332 0.9927458 0.9927678 0.9928817 0.9927658 0.9928424
[386] 0.9925744 0.9928712 0.9926150 0.9923347 0.9848419 0.9928602 0.9925068
[393] 0.9927833 0.9927419 0.9926137 0.9928737 0.9928769 0.9925942 0.9928652
[400] 0.9927844 0.9842988 0.9926673 0.9929046 0.9904394 0.9885104 0.9928997
[407] 0.9676065 0.9925738 0.9927672 0.9928320 0.9927921 0.9928712 0.9921612
[414] 0.9929038 0.9920586 0.9927284 0.9929008 0.9924300 0.9924749 0.9840440
[421] 0.9928954 0.9928783 0.9926773 0.9913236 0.9929016 0.9926756 0.9928982
[428] 0.9919982 0.9924857 0.9929051 0.9867056 0.9929023 0.9925976 0.9919040
[435] 0.9926532 0.9883211 0.9925728 0.9928221 0.9904337 0.9927913 0.9928956
[442] 0.9924981 0.9928034 0.9928909 0.9923623 0.9927818 0.9928967 0.9923319
[449] 0.9929010 0.9928758 0.9929047 0.8428490 0.9920948 0.9926869 0.9928855
[456] 0.9924645 0.9928906 0.9856506 0.9927820 0.9928597 0.9925486 0.9928622
[463] 0.9927445 0.9928986 0.9928864 0.9928903 0.9924020 0.9924987 0.9914504
[470] 0.9928978 0.9928936 0.9927313 0.9928618 0.9928963 0.9928995 0.9924197
[477] 0.9617190 0.9928990 0.9928771 0.9928266 0.9924383 0.9904014 0.9928881
[484] 0.9924414 0.9928287 0.9815492 0.9913653 0.9896925 0.9928941 0.9864501
[491] 0.9928412 0.9925651 0.9929030 0.9929049 0.9929022 0.9928921 0.9928921
[498] 0.9928878 0.9928989 0.9901829

$Beta_CX
                [,1]        [,2]      [,3]
  [1,]  0.0769530966  0.46730473 0.5301710
  [2,] -0.1280553433  0.16904132 0.6431804
  [3,] -0.0068328695  0.51408879 0.8013920
  [4,] -0.0291789607  0.51753295 0.7178870
  [5,] -0.0187893511  0.38693729 0.7285314
  [6,]  0.0682081016  0.25502371 0.9212443
  [7,]  0.1440373837  0.28974624 0.7120707
  [8,]  0.1577873876  0.24557024 0.6841536
  [9,]  0.0307913653  0.43853983 0.8212851
 [10,] -0.0258510894  0.36056783 0.9230559
 [11,] -0.1590930224  0.36173254 0.8318181
 [12,] -0.0486876577  0.41504366 0.8626676
 [13,]  0.0143443357  0.54906457 0.6160947
 [14,] -0.0014481759  0.55496524 0.8791132
 [15,] -0.0436767686  0.27685608 0.8833815
 [16,]  0.0898528936  0.49683597 0.7712868
 [17,]  0.0222037152  0.24986294 0.6602238
 [18,]  0.1345139819  0.38431065 1.0391771
 [19,]  0.0653068949  0.33688030 0.8060418
 [20,]  0.0944139285  0.44024816 0.9502669
 [21,]  0.0274042799  0.31664182 0.8793161
 [22,] -0.0553355264  0.44522324 0.8389655
 [23,]  0.1154919694  0.43906477 0.7189817
 [24,]  0.0211669598  0.35698075 0.8078634
 [25,] -0.0550060466  0.28439125 0.7598962
 [26,] -0.0164189539  0.26549553 0.7024377
 [27,]  0.0285521709  0.42974033 0.6385480
 [28,]  0.0363879704  0.47324435 0.8545392
 [29,] -0.0060381239  0.32828432 0.8352310
 [30,]  0.1841464860  0.26990917 1.1184291
 [31,] -0.0367692404  0.29775161 0.8269162
 [32,]  0.0656188985  0.50640744 0.8793155
 [33,] -0.1036523836  0.42884491 0.7317308
 [34,] -0.0949502392  0.37945767 0.7414695
 [35,] -0.0684398528  0.55391828 0.6271849
 [36,]  0.1294822260  0.51473184 0.8488597
 [37,]  0.0775117425  0.32639422 0.7882089
 [38,]  0.0725307944  0.41048805 0.8734252
 [39,] -0.0967940500  0.39808062 0.9704198
 [40,]  0.1085866491  0.40502360 0.8396492
 [41,] -0.1652004786  0.29963856 0.7075399
 [42,]  0.0525423249  0.34636817 0.9924373
 [43,] -0.0641699100  0.75650522 0.9222841
 [44,] -0.1603295254  0.53174406 0.8116271
 [45,]  0.0734104653  0.38593664 0.8966518
 [46,]  0.0906560034  0.64299619 1.0301889
 [47,] -0.1059409622  0.11827041 0.8238174
 [48,]  0.0575668203  0.48939171 0.7742901
 [49,] -0.1856384513  0.44471461 0.8795121
 [50,]  0.1567075209  0.26157385 1.1407339
 [51,]  0.1218021928  0.53910028 0.7261049
 [52,]  0.0012982652  0.59287568 0.6628989
 [53,] -0.1229897202  0.33509734 0.7031337
 [54,]  0.0131405352  0.49861317 0.8102605
 [55,]  0.0795782684  0.34681724 0.8357252
 [56,] -0.0087765577  0.30484783 0.8573765
 [57,]  0.0469607497  0.39128336 0.6668282
 [58,] -0.1245756965  0.33712918 0.5947571
 [59,] -0.0044671728  0.56204873 0.7691965
 [60,]  0.0799677251  0.43648807 0.9560506
 [61,]  0.0308026636  0.29886731 0.6515046
 [62,] -0.0294639271  0.46537156 0.8519750
 [63,]  0.0524891887  0.41052455 0.9391874
 [64,]  0.0329681850  0.37804638 0.8071766
 [65,]  0.0560074938  0.37166390 0.7371736
 [66,] -0.1381259364  0.38676182 0.6428976
 [67,] -0.0452752639  0.46150538 1.0125088
 [68,] -0.0905414128  0.42268507 0.7617362
 [69,] -0.0164927699  0.40951175 0.8558532
 [70,]  0.1985610105  0.37016280 0.8611155
 [71,]  0.0856476580  0.53451340 0.9998198
 [72,] -0.0163743751  0.54511579 0.8689018
 [73,] -0.0150154550  0.60658141 0.8971677
 [74,] -0.0109259480  0.48285687 0.8904128
 [75,] -0.1291590245  0.26703420 0.8735936
 [76,]  0.0107439921  0.40895716 0.8083076
 [77,] -0.0018099048  0.62364947 0.8123016
 [78,]  0.1867900448  0.42169049 0.8532792
 [79,]  0.0284696907  0.29889609 0.7500877
 [80,] -0.0075876895  0.36123814 0.6696077
 [81,]  0.0702854440  0.36540699 0.7446852
 [82,] -0.0755503993  0.46082803 0.6460106
 [83,] -0.0496038495  0.33530734 0.5898044
 [84,]  0.1053885734  0.51660892 0.9410866
 [85,] -0.0215276061  0.33353191 0.6764180
 [86,] -0.1070941638  0.35880572 0.5962569
 [87,] -0.0708952790  0.48616255 0.6624769
 [88,]  0.0790308343  0.35495651 0.8413692
 [89,] -0.0782087188  0.33600813 0.7876455
 [90,] -0.0911648804  0.29519120 0.7087456
 [91,]  0.0534880561  0.34208225 0.9353745
 [92,] -0.0120891298  0.34766510 0.7894668
 [93,] -0.0504850953  0.27955324 0.6209572
 [94,]  0.0314155046  0.56407903 0.8439101
 [95,] -0.0038004354  0.28986096 0.9536673
 [96,] -0.0147019185  0.61812203 0.8024086
 [97,]  0.0410352063  0.47325082 0.7728576
 [98,]  0.0871198115  0.69205359 1.0147959
 [99,]  0.0616822203  0.52640512 0.8255915
[100,] -0.0290195274  0.40632529 0.9397926
[101,] -0.0012713006  0.34962098 0.6804451
[102,]  0.1159539982  0.47875217 0.6796569
[103,] -0.0305861727  0.34903846 0.8049797
[104,]  0.0325627622  0.38005838 0.8704729
[105,]  0.1210202872  0.44438625 0.8199523
[106,]  0.2378500008  0.38469741 0.7926811
[107,] -0.0689835595  0.42416534 0.7699424
[108,]  0.0680263720  0.49552922 0.9433129
[109,]  0.0274087061  0.36309123 0.7325038
[110,] -0.0750991312  0.40521562 0.8520182
[111,] -0.0953729318  0.23509449 0.7021793
[112,] -0.1013964529  0.32652101 0.6258805
[113,]  0.0938114453  0.25250811 0.8135332
[114,] -0.0582966350  0.49826326 0.6577209
[115,]  0.0962230317  0.38955554 0.8234604
[116,]  0.0664402756  0.40554434 0.8862734
[117,]  0.0602808393  0.35586790 0.7211892
[118,]  0.0547513868  0.52883565 0.7117813
[119,] -0.0758664004  0.39980303 0.6576706
[120,] -0.0292228555  0.51836526 0.6607415
[121,]  0.0788304771  0.40012363 0.9717326
[122,]  0.1702709493  0.56322992 0.6544326
[123,]  0.1131576596  0.43530577 0.9192331
[124,] -0.1796724391  0.31950524 0.6257396
[125,] -0.0991800273  0.28867495 0.7505602
[126,] -0.1012185052  0.28992975 0.8440553
[127,] -0.0280914958  0.31184630 0.8381538
[128,] -0.0711007033  0.30292437 0.7553404
[129,]  0.0815223428  0.26778911 0.8673442
[130,] -0.0089546131  0.53303561 0.7198219
[131,]  0.1675331003  0.42774103 0.6911169
[132,]  0.1310518219  0.56729573 1.1322645
[133,]  0.0413228265  0.32686853 0.9021330
[134,]  0.0043512889  0.42871036 0.6590547
[135,] -0.0241472407  0.25237012 0.7388151
[136,] -0.0017869921  0.40250459 0.8610301
[137,] -0.0085335900  0.49909155 0.9198818
[138,] -0.0001084585  0.57532547 0.7786048
[139,]  0.0134768265  0.36514554 0.8107516
[140,]  0.1318870692  0.53014004 1.0652920
[141,]  0.0490375383  0.52626738 0.9410275
[142,] -0.1312780601  0.40637083 0.7020147
[143,] -0.0177894710  0.34337074 0.8143339
[144,] -0.0400815928  0.37028384 0.7837709
[145,]  0.0498608616  0.43973412 0.9049546
[146,] -0.0424352701  0.47498986 0.9897076
[147,] -0.1465572570  0.36070843 0.8941616
[148,]  0.1091209675  0.39374467 0.8438937
[149,] -0.1038090913  0.29799419 0.6687179
[150,]  0.0109117414  0.29226461 0.9041432
[151,] -0.0065939255  0.42481889 0.8714308
[152,]  0.1519454225  0.48193222 0.6432290
[153,]  0.0858751969  0.40457725 0.8085600
[154,] -0.0040057201  0.17662001 0.6735280
[155,] -0.0544668128  0.39924800 0.6418751
[156,] -0.0053781606  0.47149713 1.0910289
[157,]  0.1494199906  0.30198388 1.0437395
[158,] -0.0767672170  0.43383129 0.7821170
[159,] -0.0406791801  0.42812942 0.7917463
[160,]  0.0191065058  0.23221931 0.9240900
[161,] -0.0267482686  0.39037744 0.7431825
[162,]  0.0200114409  0.48567710 0.9851790
[163,]  0.0591762366  0.53276325 0.8798538
[164,] -0.0520316082  0.42306027 0.8952856
[165,] -0.1071618622  0.40180058 0.7311582
[166,]  0.0270070093  0.40129037 0.6001621
[167,] -0.1457668895  0.36279198 0.8181594
[168,] -0.0132407960  0.42343479 0.8847895
[169,]  0.1420860666  0.54889378 0.9074345
[170,] -0.1258254141  0.40493443 0.6427877
[171,]  0.0400206565  0.39796683 0.7782421
[172,]  0.0741865322  0.40322209 0.8885195
[173,]  0.0885273475  0.37290775 0.7850628
[174,] -0.1076436751  0.39529608 0.7754799
[175,]  0.0500114904  0.53058274 1.0896904
[176,] -0.0101489353  0.36519444 0.7751707
[177,]  0.0822604956  0.42612098 0.8984623
[178,] -0.0991624688  0.32854041 0.6133154
[179,]  0.0658155288  0.50283957 0.7835575
[180,]  0.0094731060  0.36927660 0.8979324
[181,]  0.0319887978  0.52903368 0.9043020
[182,] -0.0565121605  0.35560091 0.7048020
[183,] -0.1192900850  0.44216941 0.6350422
[184,]  0.0475003164  0.38879635 0.8820824
[185,] -0.1135160228  0.54953269 0.9554503
[186,] -0.0119637845  0.26507053 0.7418358
[187,] -0.1237846486  0.25205719 0.5882926
[188,] -0.1122295022  0.34431008 0.8660809
[189,]  0.0626702015  0.65872169 0.6378543
[190,] -0.0727009634  0.31739846 0.6302916
[191,] -0.0942434723  0.51893438 0.6396224
[192,] -0.0222497446  0.59924511 0.8578883
[193,]  0.0500941363  0.36951380 0.7279423
[194,]  0.0805503433  0.52036132 0.8213180
[195,]  0.0288729569  0.40541433 0.5852301
[196,] -0.0267512423  0.35427716 0.6862866
[197,] -0.0292875061  0.44128394 0.9253336
[198,] -0.0583934840  0.36907597 0.7527470
[199,]  0.0075854808  0.37828235 0.7730985
[200,]  0.0368731848  0.63318123 0.9532629
[201,]  0.0258675167  0.19441153 0.9753279
[202,] -0.0029013220  0.58514886 0.8004020
[203,] -0.1104955695  0.38522328 0.8005306
[204,]  0.0413958655  0.27722738 0.7561046
[205,]  0.0599974338  0.51507153 0.9499486
[206,] -0.1231332094  0.37013209 0.8520891
[207,]  0.0092196960  0.52029614 0.7757764
[208,]  0.0515002077  0.41554695 0.8139214
[209,] -0.0012151902  0.53919739 1.1647261
[210,] -0.0580156248  0.29004449 0.9211040
[211,]  0.0034657596  0.34333465 0.8225881
[212,]  0.1068793789  0.36600950 0.8637953
[213,]  0.0376022984  0.59931418 0.8498153
[214,] -0.0196523395  0.47901963 0.7126545
[215,]  0.0571193666  0.52403211 0.7823438
[216,]  0.0591702774  0.39437614 0.7920622
[217,]  0.0438387481  0.35645217 0.7557405
[218,] -0.0706672914  0.25789322 0.5748989
[219,] -0.0677572753  0.42126627 0.7475969
[220,]  0.0477193678  0.41341711 0.9090814
[221,]  0.0386753707  0.41954408 0.8964492
[222,]  0.0209755224  0.38638242 0.9129638
[223,]  0.0423606052  0.41183464 0.9777154
[224,] -0.0992605932  0.51361370 0.7086318
[225,] -0.0755233884  0.46668479 1.0259197
[226,]  0.1870307684  0.56536718 0.9425095
[227,]  0.0642848543  0.26961934 0.8558213
[228,]  0.0201863765  0.42518860 0.9309860
[229,] -0.0399919006  0.50464486 0.7564572
[230,] -0.0678799287  0.37746827 0.7094480
[231,]  0.0127722911  0.32110645 0.9279014
[232,]  0.1296680028  0.33591451 0.9288110
[233,]  0.0708718354  0.52800286 0.7529403
[234,]  0.0049864380  0.29510118 0.6263464
[235,] -0.0178403954  0.34920411 0.5129838
[236,] -0.0816190626  0.69107914 0.7512053
[237,]  0.0180821714  0.26847174 0.7610109
[238,]  0.0390756580  0.21636815 0.9807919
[239,] -0.0442731038  0.21905501 0.8097451
[240,]  0.0157129509  0.38636051 0.7627820
[241,]  0.1157382920  0.43299979 0.6992850
[242,] -0.0915914231  0.57344663 0.5236363
[243,] -0.0450524182  0.27619608 0.7973418
[244,]  0.0326618513  0.46486072 0.8287702
[245,]  0.0257365866  0.41788121 0.8565224
[246,] -0.0524296321  0.31733685 0.7109505
[247,]  0.0513901183  0.40301248 0.8181677
[248,] -0.0842721722  0.42642212 0.6216176
[249,] -0.0622622061  0.33263139 0.7990936
[250,] -0.0582246787  0.38448156 0.6897925
[251,]  0.0483627657  0.55193257 0.6862313
[252,]  0.0087927145  0.40716258 0.7701810
[253,] -0.0303235474  0.47282375 0.7404427
[254,]  0.0754386844  0.38395706 0.7628777
[255,] -0.0575602438  0.45069490 0.9453520
[256,] -0.1794450419  0.46165904 0.8650602
[257,]  0.0266782928  0.24542302 0.6957124
[258,]  0.0539970243  0.40645509 1.0346423
[259,]  0.1396771577  0.37008305 0.9449628
[260,] -0.0858777796  0.26874903 0.7211871
[261,]  0.0774277319  0.47930463 0.6532751
[262,]  0.0169110116  0.54577192 1.0535726
[263,] -0.1716499122  0.61893979 0.7609537
[264,]  0.0589158410  0.39974109 0.7345965
[265,] -0.0284239245  0.28791030 0.7646161
[266,] -0.0132496646  0.39998617 0.7550120
[267,] -0.1015370633  0.36793698 0.7547093
[268,] -0.0357343102  0.41849561 0.8074455
[269,] -0.1107723546  0.48618263 0.6421820
[270,] -0.0238524026  0.26792330 1.1355627
[271,]  0.0076129075  0.60697301 0.8225240
[272,] -0.0482194769  0.39153536 0.6874173
[273,]  0.0202979151  0.47077665 0.6228701
[274,] -0.1461727732  0.09017932 0.9397843
[275,] -0.0421773172  0.43287124 0.7842633
[276,]  0.0235981998  0.52594959 0.8057588
[277,] -0.0236451403  0.38681677 0.8097933
[278,]  0.0270645251  0.38986966 0.7908533
[279,]  0.0670062870  0.28211154 0.8825213
[280,] -0.1283628156  0.45976731 0.7972700
[281,] -0.0891949670  0.52803364 0.7947197
[282,]  0.1585147250  0.54423621 0.7930019
[283,] -0.0564445400  0.45142875 0.6675158
[284,]  0.1682684055  0.51153192 0.8780155
[285,] -0.0611637096  0.17322975 0.7092059
[286,]  0.1054109140  0.42735824 0.8453048
[287,] -0.1018581603  0.50451847 0.7650720
[288,]  0.0238282953  0.42698513 0.8443061
[289,]  0.0322127179  0.32115172 0.8644544
[290,]  0.0200569076  0.47029607 0.8583333
[291,]  0.0369621543  0.20974080 0.8595058
[292,]  0.0475262294  0.31660301 0.7304487
[293,]  0.1306612232  0.28030558 0.9027106
[294,]  0.0028768265  0.66807275 0.7631728
[295,] -0.0757281653  0.39633908 0.8043497
[296,]  0.1091603573  0.31722282 0.9155089
[297,] -0.0325646213  0.57050675 0.8126277
[298,] -0.1499018406  0.37956295 0.9350451
[299,] -0.0200125686  0.36072851 0.7587637
[300,]  0.0662387365  0.44562486 0.7119673
[301,]  0.1020668659  0.29748124 0.8409571
[302,] -0.0607419203  0.27228025 0.8901669
[303,] -0.0498945652  0.42838205 0.7687658
[304,]  0.1630151427  0.39400360 1.1274892
[305,] -0.1127357112  0.29699102 0.8010397
[306,] -0.0972849585  0.46677663 0.7454556
[307,] -0.1924473524  0.44651556 0.5384308
[308,] -0.0905359427  0.36908994 0.7182076
[309,] -0.0746969828  0.32767460 0.7732828
[310,] -0.0133236630  0.32303632 0.9055316
[311,]  0.0278312489  0.24909552 0.9888754
[312,]  0.0078841446  0.40045967 0.9125884
[313,]  0.0590251957  0.56305948 0.7625453
[314,]  0.0945646262  0.31323895 0.7117359
[315,] -0.0585605797  0.38607059 0.7555988
[316,] -0.0385072615  0.31712400 0.6270487
[317,] -0.0284476148  0.35237329 0.9389372
[318,]  0.0430593845  0.41384785 0.7896960
[319,]  0.2101196033  0.48863657 1.1691449
[320,]  0.0955720143  0.52823438 0.7015560
[321,]  0.1254726971  0.48689112 0.7234874
[322,]  0.2124690166  0.31552867 1.3558048
[323,]  0.1083650227  0.46663866 0.7277548
[324,] -0.0134451225  0.23594258 0.7589729
[325,] -0.0670876417  0.42426982 0.7571527
[326,] -0.0861756830  0.43706096 0.9492331
[327,] -0.0566432157  0.39799172 0.5566902
[328,] -0.0273006843  0.41281547 0.6765747
[329,] -0.1323038714  0.23256415 0.8475637
[330,] -0.0073565245  0.24243994 0.7002664
[331,]  0.0784737276  0.44564415 0.7256980
[332,] -0.0317974551  0.45910003 0.8860601
[333,]  0.0149320341  0.53502277 1.0302155
[334,]  0.0081388504  0.54743183 0.6755522
[335,]  0.0140033823  0.36400709 0.9278852
[336,] -0.0788590428  0.40962844 0.7106106
[337,] -0.0099799744  0.36754087 0.7100244
[338,] -0.0645172861  0.42528967 0.7793055
[339,] -0.0740924541  0.31467352 0.6308169
[340,] -0.0586008167  0.55635861 0.8919211
[341,]  0.0802514823  0.42538459 0.5805303
[342,]  0.0940712972  0.51481519 0.8497864
[343,] -0.0503537927  0.53337678 0.7901115
[344,]  0.1411198627  0.30481644 0.8039273
[345,]  0.0985859515  0.42287952 0.6224835
[346,] -0.0134234786  0.71456132 0.8018028
[347,] -0.1057036693  0.36003211 0.7860329
[348,]  0.0175494523  0.50305830 0.8606353
[349,] -0.0159775832  0.35455277 0.8007581
[350,] -0.0540075933  0.34584344 0.7290832
[351,] -0.1007547228  0.25069245 1.0104802
[352,]  0.0214014774  0.52534777 0.7779218
[353,] -0.0046058006  0.36017078 0.7020423
[354,]  0.0089285819  0.40613505 0.7404159
[355,] -0.0153378195  0.36971891 0.8562441
[356,] -0.0033353767  0.43102796 0.8367358
[357,]  0.0631276826  0.52876314 0.7155130
[358,]  0.0972090610  0.56732486 1.1636056
[359,]  0.0509548982  0.22381431 0.9330574
[360,]  0.0195561402  0.40303595 0.6450968
[361,]  0.0454485186  0.35242685 0.6353337
[362,]  0.2346217384  0.53495109 0.8118420
[363,] -0.0807534126  0.42411730 0.7237152
[364,] -0.1168609647  0.34462554 0.7950399
[365,] -0.0427339948  0.45343195 0.7764592
[366,] -0.0444788029  0.46148290 0.8315976
[367,] -0.0910239518  0.47636278 0.8494514
[368,]  0.0929197974  0.43036700 0.8404294
[369,]  0.0202568429  0.43976954 0.9389166
[370,] -0.0621082276  0.56167348 0.9092364
[371,] -0.0634673868  0.57249773 0.6834585
[372,]  0.0679609304  0.37693530 0.8424709
[373,]  0.0042246415  0.45579596 0.8639252
[374,]  0.0677131140  0.35097981 1.0819706
[375,]  0.0310391100  0.53901509 0.8788362
[376,] -0.0472212985  0.45904401 0.7972049
[377,]  0.0224525478  0.36939898 0.7039297
[378,] -0.0430616530  0.51541208 0.8737925
[379,]  0.0859636247  0.27391943 0.8303842
[380,]  0.0460272592  0.43814921 0.8192971
[381,] -0.0351010245  0.45794181 0.7901421
[382,] -0.0314540317  0.27028899 0.8956853
[383,] -0.0182186664  0.31533161 0.7673288
[384,] -0.0400466111  0.34776439 0.7947083
[385,] -0.0689821198  0.55217318 0.7389467
[386,]  0.0542078899  0.61210122 0.9934632
[387,]  0.0659187277  0.35518826 0.7264850
[388,]  0.0032914643  0.45558587 0.9895631
[389,]  0.1099141573  0.41606069 0.9455625
[390,] -0.1192010421  0.38615030 0.6229827
[391,]  0.1008505784  0.40397422 0.8921096
[392,]  0.0021876655  0.37553090 0.6517041
[393,] -0.0020728263  0.49287961 0.8388256
[394,]  0.0339253358  0.33807448 0.7213343
[395,]  0.0623943657  0.53456958 0.8213539
[396,]  0.0469987714  0.40034644 0.7961479
[397,] -0.0379646435  0.40481840 0.7696813
[398,] -0.1104849047  0.14485947 0.5294034
[399,] -0.0074272307  0.46585710 0.7972693
[400,]  0.0566244893  0.49154705 0.7954688
[401,] -0.2058392598  0.31157796 0.6996330
[402,]  0.1396838987  0.44103590 1.1136949
[403,]  0.0307049575  0.45571552 0.7831080
[404,]  0.0697419384  0.32906269 0.7398603
[405,] -0.0562597121  0.36217647 0.5771282
[406,]  0.0840277329  0.41555056 1.1478600
[407,] -0.0328478557  0.39285538 0.5418768
[408,]  0.1649777206  0.54919197 0.8394619
[409,] -0.0072926344  0.72791230 0.7931358
[410,]  0.1317348247  0.26217962 0.7595187
[411,] -0.0121697356  0.26321251 0.6386645
[412,] -0.0213245709  0.35597641 0.7366810
[413,] -0.0484647109  0.35887229 0.6657063
[414,] -0.0091501321  0.46820068 0.8351643
[415,] -0.0200045761  0.26205341 0.8796519
[416,] -0.0537481046  0.27336683 0.6677652
[417,]  0.0406100027  0.35484570 0.9129205
[418,] -0.1610307842  0.43980290 0.7358336
[419,]  0.0581009039  0.47876759 0.5440720
[420,] -0.0197783685  0.19355089 0.5830841
[421,] -0.1505441459  0.36698232 0.7444931
[422,] -0.0359996711  0.54992384 0.7330699
[423,]  0.2449821787  0.49849546 0.7947596
[424,]  0.2300794701  0.58644220 0.8819609
[425,] -0.0608628640  0.39717003 0.8736945
[426,]  0.0149364962  0.59264490 0.8546798
[427,]  0.1145652873  0.32054228 0.6574664
[428,] -0.0381222198  0.16474837 0.4546046
[429,]  0.0385543719  0.38889616 0.7710272
[430,] -0.0167857333  0.46121835 0.7118440
[431,] -0.0301069963 -0.01145686 0.8196669
[432,]  0.1351691575  0.36505305 0.8200888
[433,]  0.1134122373  0.55995837 0.8766924
[434,] -0.0360423630  0.33288432 0.7809827
[435,] -0.0496242036  0.48328282 0.8328277
[436,] -0.1770930183  0.45050326 0.6085855
[437,]  0.0353191814  0.38050301 0.4366793
[438,]  0.0907085335  0.29391354 1.0064509
[439,] -0.1495823941  0.45451500 0.6660522
[440,]  0.0041758396  0.48284081 0.7120692
[441,] -0.0298707802  0.45675482 0.8489235
[442,]  0.0207065871  0.65165457 0.9991139
[443,]  0.0646456099  0.38911479 0.7667862
[444,] -0.0919522039  0.47148236 0.8112090
[445,]  0.1364283659  0.19354077 0.8166411
[446,]  0.0179155316  0.35754742 0.7769325
[447,]  0.1654372925  0.28268201 0.9294375
[448,]  0.0467071468  0.48329211 0.9224441
[449,] -0.1254500375  0.44666581 0.7864508
[450,]  0.0117873922  0.53303076 0.9012158
[451,] -0.0152427507  0.39662437 0.9340184
[452,] -0.0726675857  0.14513915 0.8809491
[453,]  0.0948663766  0.43966423 0.8331028
[454,]  0.1165181709  0.30967343 0.9172091
[455,] -0.0091242043  0.42654164 0.8063947
[456,] -0.0881362596  0.41937253 0.8855970
[457,]  0.1155398819  0.35935771 0.9771014
[458,] -0.0128920414  0.35207079 0.7237948
[459,]  0.0445831284  0.39223732 0.7540890
[460,]  0.0708302320  0.43233904 0.8232650
[461,] -0.1702527378  0.47890088 0.9271258
[462,]  0.0346447703  0.15209583 0.8975374
[463,] -0.1026736062  0.19615702 0.7748297
[464,]  0.0273215263  0.47652796 0.7551840
[465,]  0.0251978969  0.43994915 0.7865119
[466,] -0.0163059659  0.44479827 0.7438562
[467,]  0.1419038522  0.46031741 0.9446141
[468,] -0.0622736297  0.45576847 0.8152083
[469,]  0.0359308899  0.39642140 0.8195640
[470,] -0.0935139850  0.52780609 0.9793487
[471,]  0.0823761483  0.46617396 0.9110680
[472,]  0.1605699737  0.42918526 0.7726788
[473,]  0.0676543908  0.30769718 0.9684737
[474,] -0.0313506896  0.43620560 0.8152388
[475,]  0.1284242230  0.47267138 0.9458652
[476,]  0.0794564241  0.26990107 0.6300478
[477,] -0.0888299377  0.08541279 0.8557886
[478,] -0.1207425363  0.49766656 0.8026200
[479,] -0.0711097812  0.35480618 0.7813521
[480,]  0.0725351341  0.47863734 0.8687545
[481,] -0.0495731793  0.49549866 0.8751090
[482,] -0.1391561272  0.54288806 0.7211215
[483,] -0.0593801682  0.34934238 0.8271587
[484,]  0.0271093019  0.22196652 1.3023622
[485,] -0.0446361092  0.48594513 0.7514463
[486,]  0.0015457296  0.34166593 0.6945184
[487,] -0.0957294330  0.38548938 0.7706281
[488,] -0.0740179130  0.27296920 0.6582345
[489,]  0.0068701848  0.24724681 0.8437637
[490,] -0.0020410993  0.31939054 0.6460582
[491,]  0.1208028647  0.32328615 1.0131019
[492,]  0.0860717469  0.35890118 0.7035382
[493,] -0.1165426720  0.50641635 0.7677292
[494,] -0.0914006146  0.40139485 0.8037943
[495,]  0.0573168154  0.56162807 1.0242969
[496,] -0.0437791454  0.31606751 0.6928579
[497,]  0.0077742753  0.54321081 0.9906207
[498,] -0.0686469954  0.45931517 0.7324511
[499,]  0.0384378254  0.58382943 1.1475875
[500,] -0.0103298254  0.33034363 0.7749304

